0 37.43
1 89.00
2 49.60
3 63.40
4 32.50
5 46.60
6 52.67
7 32.50
8 50.71
9 70.40
10 56.00
11 50.50
12 27.12
13 41.50
14 62.75
15 31.60
16 80.00
17 43.17
18 58.56
19 37.60
20 129.50
21 29.00
22 28.83
23 45.17
24 5.50
25 49.20
26 38.33
27 54.60
28 37.80
29 66.14
30 64.60
31 60.00
32 64.50
33 34.12
34 50.60
35 10.00
36 37.40
37 26.00
38 46.00
39 78.00
40 24.50
41 34.71
42 41.00
43 22.00
44 39.29
45 35.67
46 30.50
47 5.00
48 46.20
49 62.80
50 29.71
51 29.17
52 59.67
53 70.00
54 61.00
55 57.50
56 47.67
57 64.00
58 47.00
59 84.80
60 40.00
61 51.29
62 74.50
63 13.00
64 77.33
65 22.50
66 19.33
67 37.50
68 58.75
69 58.67
70 46.50
71 73.67
72 55.00
73 66.75
74 72.00
75 66.50
76 16.00
77 37.80
78 43.33
79 35.20
80 3.50
81 72.00
82 53.57
83 43.75
84 21.00
85 16.80
86 43.00
87 57.50
88 38.50
89 34.67
90 60.14
91 42.80
92 65.30
93 19.25
94 57.60
95 53.90
96 54.40
97 21.00
98 83.33
99 34.44
100 46.67
101 41.67
102 50.67
103 30.67
105 59.00
107 52.80
108 51.00
109 10.00
110 47.38
111 22.67
112 51.25
113 38.50
114 97.33
115 42.00
116 60.00
117 38.00
118 64.20
119 45.75
120 35.62
121 37.57
122 24.20
123 47.73
124 105.00
125 38.38
126 37.00
127 67.00
128 27.17
129 74.50
130 16.00
131 28.40
132 71.33
133 55.60
134 30.00
135 48.00
136 69.67
137 41.25
138 52.33
139 28.00
140 38.29
141 46.50
142 69.33
143 32.43
144 38.50
145 34.33
146 35.12
147 31.20
148 129.50
149 41.00
150 58.00
151 16.00
152 48.33
153 17.67
154 8.33
155 63.57
156 67.20
157 66.91
158 96.67
159 55.67
160 23.75
161 35.83
162 110.00
163 9.50
164 86.00
165 53.00
166 32.80
167 62.67
168 84.67
169 54.50
170 93.75
171 33.00
172 28.86
173 82.00
174 33.67
175 31.67
176 26.14
177 65.75
178 43.88
179 58.00
180 36.50
181 70.25
182 27.60
183 9.67
184 41.00
185 66.67
186 51.00
187 41.89
188 43.00
189 40.40
190 51.60
191 36.67
192 28.00
193 35.00
194 94.00
195 68.00
196 34.75
197 60.80
198 94.00
199 22.00
200 47.67
201 58.67
202 51.25
203 50.00
204 41.14
205 89.67
206 71.67
207 33.00
208 30.33
209 35.60
210 86.80
211 45.71
212 87.00
213 53.67
214 54.25
215 59.83
216 50.14
217 33.25
218 79.50
219 79.83
220 16.33
221 42.50
222 46.80
223 19.44
224 54.67
225 57.50
226 68.12
227 101.33
228 32.00
229 44.00
230 26.82
231 40.38
232 26.18
233 39.33
234 94.20
235 120.00
236 41.75
237 64.00
238 46.60
239 22.67
240 52.62
241 56.00
242 53.67
243 72.43
244 45.11
245 13.00
246 63.14
247 147.67
248 43.33
249 54.00
250 17.00
251 34.00
252 39.71
253 49.60
254 50.60
255 42.20
256 54.00
257 81.50
258 47.00
259 52.33
260 60.40
261 50.17
262 12.67
263 15.00
264 31.71
265 24.00
266 37.80
267 28.40
268 17.00
269 56.57
270 5.75
271 47.30
272 73.00
273 51.00
274 59.50
275 32.33
276 121.50
277 15.50
278 20.67
279 24.00
280 30.00
281 43.22
282 39.33
283 48.12
284 49.14
285 19.43
286 30.60
287 110.50
288 74.25
289 78.67
290 76.25
291 28.25
292 74.00
293 53.29
294 31.50
295 56.67
296 33.00
297 58.67
298 39.50
299 77.00
300 27.67
301 38.00
302 64.20
303 46.60
304 22.17
305 58.40
306 43.25
307 30.83
308 48.33
309 48.00
310 27.33
311 63.83
312 55.83
313 31.25
314 42.75
315 22.89
316 52.33
317 47.33
318 74.44
319 55.83
320 100.40
321 42.67
322 64.67
323 50.50
324 40.45
325 54.75
326 41.00
327 77.75
328 18.33
329 46.00
330 20.67
331 10.33
332 94.67
333 84.33
334 26.67
335 40.00
336 38.00
337 38.00
338 33.50
339 25.00
340 66.60
341 87.33
342 48.00
343 57.25
344 68.25
345 66.00
346 55.00
347 44.50
348 42.00
349 41.20
350 63.00
351 46.00
352 34.86
353 33.40
354 68.50
355 48.20
356 22.67
357 52.62
358 50.86
359 47.00
360 39.83
361 33.80
362 60.50
363 58.56
364 125.00
365 37.83
366 50.50
367 34.00
368 44.00
369 52.67
370 32.50
371 77.70
372 66.60
374 42.00
375 97.00
376 41.00
377 37.33
378 34.60
379 61.17
380 88.67
381 70.20
382 46.17
383 23.29
384 62.14
385 32.00
386 37.33
387 90.00
388 47.43
389 45.86
390 53.57
391 12.50
392 86.25
393 59.33
394 4.00
395 52.83
396 33.33
397 55.33
398 62.57
399 53.00
400 34.67
401 37.25
402 89.00
404 25.67
405 56.50
406 73.00
407 13.00
408 59.33
409 72.80
410 88.00
411 77.43
412 39.50
413 84.00
414 25.67
415 46.89
416 30.00
417 31.50
418 51.00
419 72.78
420 42.75
421 47.33
422 114.00
423 66.60
424 37.71
425 89.25
426 64.50
427 47.33
428 40.67
429 50.60
430 83.00
431 48.33
432 59.50
433 33.20
434 30.75
435 18.33
436 83.25
437 13.75
438 50.67
439 28.75
440 27.00
441 62.80
442 86.71
443 37.33
444 46.60
445 14.33
446 21.40
447 41.67
448 67.33
449 36.33
450 33.00
451 90.86
452 41.40
453 22.00
454 49.00
455 46.00
456 53.00
457 52.00
458 25.67
459 35.83
460 94.25
461 49.12
462 45.00
463 51.60
464 39.67
465 37.50
466 55.00
467 24.40
468 45.33
469 80.29
470 41.40
471 14.50
472 82.50
473 31.00
474 52.40
475 42.75
476 36.57
477 31.33
478 43.43
479 13.60
480 56.83
481 51.43
482 46.50
483 12.67
484 30.50
485 51.40
486 84.50
487 40.25
488 31.00
489 73.50
490 31.67
491 58.80
493 81.00
494 42.56
495 71.86
496 24.40
497 51.00
498 55.00
499 18.67
500 52.25
501 37.20
502 75.00
503 31.33
504 29.33
505 49.33
506 31.83
507 17.25
508 20.00
509 21.00
510 72.75
511 31.00
512 26.67
513 36.50
514 9.50
515 75.00
516 37.75
517 54.25
518 65.50
519 37.29
520 61.00
521 69.20
522 122.75
523 40.70
524 61.50
525 33.33
526 89.50
527 40.00
528 63.60
529 38.80
530 16.80
531 25.38
532 41.50
533 64.20
534 37.50
535 54.00
536 23.50
537 41.33
538 39.50
539 36.00
540 30.67
541 60.00
542 77.33
543 22.00
544 74.00
545 44.25
546 56.29
547 35.40
548 38.00
549 70.86
550 56.38
551 49.67
552 33.00
553 51.00
554 37.00
555 57.29
556 57.00
557 57.89
558 47.88
559 24.20
560 23.12
561 22.00
562 60.22
563 36.50
564 58.14
565 63.00
566 13.00
567 36.00
568 53.33
569 49.25
570 63.20
571 48.56
572 21.62
573 80.75
574 52.17
575 28.62
576 40.50
577 41.00
578 62.25
579 54.50
580 67.12
581 42.00
582 39.17
583 43.60
584 45.17
585 94.50
586 55.71
587 46.40
588 72.00
589 75.75
590 54.33
591 35.20
592 60.50
593 79.50
594 38.33
595 45.00
596 31.50
597 67.43
598 51.14
599 46.33
600 31.00
601 55.20
602 52.33
603 46.00
604 47.25
605 24.50
606 47.57
607 17.75
608 22.50
609 52.60
610 54.00
611 65.43
612 6.00
613 43.00
614 50.20
615 14.00
616 60.00
617 33.00
618 40.67
619 24.14
620 22.75
621 59.50
622 34.00
623 52.80
624 76.40
625 51.43
626 47.25
627 72.50
628 31.33
629 33.50
630 34.25
631 32.83
632 33.00
633 79.83
634 35.33
635 85.20
636 84.60
637 16.67
638 43.00
639 29.00
640 50.25
641 38.00
642 53.80
643 54.33
644 70.00
645 36.00
646 50.25
647 42.67
648 33.10
649 47.80
650 22.00
651 41.40
652 45.60
653 14.67
654 15.50
655 53.88
656 49.00
657 62.60
658 26.00
659 33.60
660 80.33
661 25.00
662 71.50
663 38.00
664 49.14
665 40.67
666 85.86
667 85.00
668 59.40
669 59.25
670 67.50
671 23.80
672 12.75
673 53.60
674 72.00
675 83.83
676 40.50
677 34.67
678 92.50
679 27.17
680 71.00
681 31.83
682 92.50
683 38.33
684 103.00
685 23.60
686 15.80
687 57.00
688 55.80
689 39.50
690 57.75
691 19.86
692 37.14
693 20.00
694 52.57
695 11.00
697 52.00
698 36.86
699 32.43
700 42.25
701 33.00
702 26.50
703 41.86
704 23.00
705 31.25
706 43.75
707 54.09
708 60.00
709 66.78
710 30.17
711 53.50
712 46.00
713 64.82
714 16.67
715 93.50
716 75.00
717 41.17
718 41.25
719 17.88
720 43.50
721 66.00
722 78.80
723 57.25
724 64.00
725 72.33
726 43.83
727 74.33
728 26.00
729 29.00
730 59.00
731 56.83
732 45.00
733 38.33
734 55.00
735 27.00
736 57.17
737 57.57
738 35.25
739 76.75
740 75.75
741 110.75
742 39.00
743 49.33
744 56.00
745 40.67
746 60.00
747 31.75
748 38.20
749 56.43
750 56.75
751 27.67
752 27.40
753 18.25
754 38.50
755 50.25
756 20.50
757 59.00
758 18.60
759 51.00
760 62.50
761 56.60
762 28.38
763 24.00
764 29.00
765 31.57
766 63.67
767 42.00
768 23.00
769 107.00
770 11.00
771 49.33
772 47.75
773 16.60
774 34.67
775 42.29
776 38.00
777 36.50
778 28.20
779 42.20
780 51.50
781 47.00
782 48.50
783 70.00
784 4.00
785 32.40
786 54.33
787 25.33
788 13.50
789 83.50
790 77.40
791 43.00
792 39.00
793 41.00
794 34.50
795 53.60
796 36.00
797 39.40
798 44.60
799 113.00
800 47.11
801 60.80
802 30.50
803 40.33
804 52.57
805 21.20
806 53.00
807 21.00
808 38.29
810 27.50
811 57.20
812 8.33
813 34.00
814 59.75
815 70.00
816 20.33
817 26.00
818 57.57
819 79.25
820 58.80
821 77.25
822 45.33
823 53.00
824 65.50
825 66.20
826 59.25
827 90.00
828 40.00
829 38.20
830 72.78
831 37.60
832 34.75
833 50.60
834 33.17
835 40.20
836 52.14
837 75.00
838 42.57
839 27.60
840 34.80
841 29.25
842 47.86
843 40.50
844 64.00
845 43.40
846 29.00
847 54.67
848 54.80
849 73.50
850 48.60
851 60.67
852 30.00
853 33.50
854 63.60
855 105.00
856 30.57
857 54.50
858 44.33
859 91.75
860 69.67
861 49.14
862 44.25
863 70.20
864 50.00
865 17.67
866 20.00
867 57.57
868 48.57
869 43.50
870 43.43
871 58.33
872 38.00
873 98.80
874 33.00
875 50.17
876 14.67
877 37.20
878 49.50
879 68.00
880 0.00
881 29.25
882 55.14
883 34.50
884 75.50
885 34.17
886 35.75
887 38.62
888 43.50
889 70.71
890 95.33
891 49.09
892 30.00
893 66.20
894 55.00
895 47.86
896 52.00
897 77.11
898 64.75
899 38.20
900 43.12
901 33.71
902 53.00
903 45.33
904 58.40
905 22.71
906 67.00
907 16.20
908 58.60
909 31.80
910 50.00
911 83.20
912 46.80
913 37.50
914 36.50
915 60.89
916 43.00
917 79.00
918 101.00
919 51.00
920 55.00
921 87.43
922 47.33
923 28.00
924 69.67
925 5.00
926 39.14
927 47.75
928 33.29
929 24.67
930 33.33
931 79.00
932 60.50
933 54.25
934 65.20
935 10.00
936 69.75
937 75.83
938 49.00
939 25.60
940 62.50
941 30.83
942 37.86
943 44.89
944 51.00
945 80.25
946 45.60
947 86.50
948 27.17
949 44.75
950 59.10
951 44.25
952 37.00
953 39.00
954 45.50
955 30.25
956 4.00
957 15.50
958 58.50
959 70.00
960 87.00
961 61.00
962 49.40
963 61.83
964 12.00
965 33.33
966 60.00
967 20.00
968 64.75
969 40.00
970 83.83
971 37.83
972 37.00
973 49.75
974 73.00
975 33.00
976 42.00
977 36.83
978 33.33
979 47.57
980 60.40
981 38.60
982 26.60
983 38.00
984 48.50
985 69.57
986 43.22
987 41.25
988 68.86
989 15.33
990 65.50
991 16.00
992 46.00
993 25.00
994 50.00
995 93.50
996 33.50
997 64.00
998 52.40
999 49.67
1000 47.20
1001 62.25
1002 28.20
1003 33.00
1004 60.00
1005 61.36
1006 30.80
1007 39.60
1008 42.50
1009 126.00
1010 40.40
1011 81.67
1012 35.33
1013 56.00
1014 52.88
1015 73.75
1016 16.00
1017 67.33
1018 71.50
1019 91.17
1020 44.60
1021 46.56
1022 43.86
1023 40.27
1024 57.20
1025 46.40
1026 43.50
1027 44.43
1028 63.78
1029 30.33
1030 31.20
1031 59.67
1032 24.12
1033 59.00
1034 60.50
1035 63.00
1036 68.00
1037 101.00
1038 22.00
1039 13.60
1040 51.33
1041 11.00
1042 40.89
1043 46.50
1044 45.00
1045 53.00
1046 45.33
1047 33.00
1048 61.67
1049 33.50
1050 40.00
1051 58.20
1052 53.62
1053 72.00
1054 46.80
1055 63.75
1056 84.17
1057 52.40
1058 50.50
1059 39.25
1060 28.00
1061 58.33
1062 21.43
1063 39.62
1064 38.00
1065 46.14
1066 59.80
1067 74.80
1068 11.50
1069 39.50
1070 50.33
1071 58.00
1072 63.40
1073 68.00
1074 71.67
1075 20.50
1076 99.00
1077 70.80
1078 60.25
1079 37.33
1080 64.00
1081 24.75
1082 52.75
1083 44.38
1084 60.00
1085 37.50
1086 50.17
1087 50.14
1088 28.00
1089 46.75
1090 40.86
1091 91.67
1092 72.33
1093 52.17
1094 25.50
1095 41.50
1096 24.00
1097 40.75
1098 53.71
1099 70.83
1100 73.67
1101 36.00
1102 36.12
1103 111.00
1104 44.50
1105 27.00
1106 17.00
1107 23.33
1108 64.00
1109 62.00
1110 21.00
1111 16.80
1112 47.75
1113 80.75
1114 55.00
1115 40.50
1116 59.00
1117 73.75
1118 56.00
1119 56.80
1120 16.75
1121 76.25
1122 108.00
1123 43.17
1124 57.43
1125 75.75
1126 14.00
1127 81.00
1128 46.33
1129 68.50
1130 68.00
1131 44.00
1132 37.50
1133 36.20
1134 61.86
1135 52.00
1136 66.50
1137 14.50
1138 30.75
1139 43.80
1140 83.75
1141 92.67
1142 28.50
1143 54.17
1144 41.00
1145 39.50
1146 40.25
1147 33.40
1148 61.00
1149 39.67
1150 50.33
1151 41.70
1152 13.00
1153 63.00
1154 95.25
1155 4.33
1156 72.00
1157 65.33
1158 46.67
1159 39.67
1160 61.00
1161 22.67
1162 53.75
1163 46.67
1164 40.80
1165 51.00
1166 50.57
1167 54.40
1168 33.00
1169 44.50
1170 63.80
1171 50.50
1172 25.50
1173 28.33
1174 36.00
1175 93.00
1176 70.60
1177 63.33
1178 34.50
1179 8.50
1180 39.67
1181 63.44
1182 18.60
1183 62.50
1184 45.75
1185 38.88
1186 37.50
1187 42.67
1188 39.50
1189 52.83
1190 40.33
1191 33.57
1192 34.50
1193 41.33
1194 45.00
1195 41.00
1196 48.75
1197 56.00
1198 38.67
1199 84.00
1200 49.33
1201 24.00
1202 22.50
1203 44.25
1204 92.75
1205 41.60
1206 30.25
1207 32.67
1208 58.00
1209 31.00
1210 51.00
1211 35.67
1212 20.00
1213 52.67
1214 13.00
1215 32.17
1216 25.50
1217 58.29
1218 55.00
1219 37.00
1220 25.60
1221 41.50
1222 26.80
1223 63.46
1224 17.50
1225 43.00
1226 41.60
1227 81.00
1228 64.57
1229 83.50
1230 25.75
1231 33.40
1232 54.50
1233 60.25
1234 65.00
1235 14.80
1236 66.00
1237 50.50
1238 33.50
1239 39.80
1240 71.67
1241 30.80
1242 18.57
1243 38.45
1244 32.25
1245 19.00
1246 56.67
1247 35.67
1248 47.17
1249 51.80
1250 45.00
1251 57.67
1252 32.00
1253 62.60
1254 31.67
1255 72.50
1256 29.50
1257 62.00
1259 65.14
1260 65.50
1261 35.80
1262 45.33
1263 27.75
1264 53.33
1265 64.50
1266 58.50
1267 75.67
1268 40.00
1269 6.67
1270 44.00
1271 64.38
1272 55.14
1273 88.00
1274 82.50
1275 53.50
1276 61.00
1277 23.33
1278 65.75
1279 29.00
1280 67.67
1281 60.27
1282 8.67
1283 52.75
1284 32.86
1285 51.25
1286 28.44
1287 27.10
1288 29.00
1289 36.50
1290 78.50
1291 65.00
1292 35.00
1293 29.67
1294 113.50
1295 45.00
1296 66.50
1297 47.50
1298 20.60
1299 66.50
1300 75.00
1301 40.86
1302 88.67
1303 74.00
1304 60.67
1305 54.70
1306 50.00
1307 57.86
1308 42.67
1309 52.17
1310 41.75
1311 53.33
1312 17.75
1313 52.50
1314 60.25
1315 51.00
1316 36.67
1317 58.20
1318 33.17
1319 89.80
1320 53.00
1321 47.20
1322 61.17
1323 35.00
1324 60.25
1325 48.86
1326 43.67
1327 45.00
1328 45.17
1329 55.50
1330 39.00
1331 6.00
1332 44.91
1333 72.25
1334 30.00
1335 40.25
1336 26.33
1337 52.00
1338 60.00
1339 31.75
1340 68.80
1341 47.50
1342 41.00
1343 42.20
1344 41.50
1345 9.00
1346 33.80
1347 59.83
1348 18.67
1349 18.33
1350 15.67
1351 52.75
1352 26.20
1353 33.33
1354 60.20
1355 54.88
1356 42.20
1357 14.50
1358 107.00
1359 51.33
1360 39.33
1361 42.14
1362 52.75
1363 64.80
1364 73.60
1365 45.00
1366 21.50
1367 54.88
1368 48.67
1369 54.40
1370 28.80
1371 59.20
1372 79.50
1373 45.00
1374 73.50
1375 119.00
1376 27.50
1377 46.50
1378 31.83
1379 82.29
1380 32.67
1381 65.25
1382 33.00
1383 71.67
1384 101.50
1385 31.00
1386 24.33
1387 11.00
1388 81.00
1389 30.43
1390 17.00
1391 58.83
1392 26.43
1393 41.00
1394 66.00
1395 46.60
1396 67.00
1397 40.80
1398 54.60
1399 48.33
1400 63.80
1401 36.14
1402 62.80
1403 71.00
1404 56.50
1405 64.00
1406 44.20
1407 75.60
1408 51.25
1409 6.00
1410 40.50
1411 26.33
1412 35.33
1413 36.80
1414 32.00
1415 22.00
1416 25.25
1417 61.00
1418 9.50
1419 43.50
1420 70.00
1421 55.00
1422 46.80
1423 31.67
1424 42.50
1425 44.00
1426 62.00
1427 31.83
1428 50.60
1429 42.17
1430 47.00
1431 52.00
1432 43.00
1433 40.00
1434 34.33
1435 51.67
1436 75.50
1437 68.88
1438 71.50
1439 27.00
1440 32.60
1441 43.80
1442 43.17
1443 73.50
1444 33.00
1445 23.00
1446 59.00
1447 63.00
1448 6.33
1449 63.60
1450 64.00
1451 56.40
1452 25.67
1453 71.40
1454 38.40
1455 58.00
1456 68.80
1457 30.00
1458 108.00
1459 31.75
1460 71.00
1461 34.60
1462 75.50
1463 60.67
1464 59.36
1465 49.33
1466 11.75
1467 58.25
1468 59.40
1469 55.71
1470 50.40
1471 67.67
1472 49.00
1473 51.14
1474 37.14
1475 55.00
1476 51.80
1477 41.33
1478 62.83
1479 54.25
1480 24.00
1481 73.25
1482 42.44
1483 36.33
1484 45.83
1485 37.40
1486 48.00
1487 28.33
1488 38.43
1489 55.50
1490 47.00
1491 21.60
1492 77.00
1493 79.50
1494 19.50
1495 22.80
1496 41.17
1497 27.75
1498 35.43
1499 16.50
1500 37.67
1501 58.83
1502 27.00
1503 55.50
1504 63.25
1505 29.67
1506 50.17
1507 40.25
1508 9.67
1509 28.17
1510 44.86
1511 66.25
1512 69.33
1513 185.00
1514 32.33
1515 19.00
1516 39.67
1517 30.25
1518 37.00
1519 60.60
1520 48.71
1521 42.29
1522 42.80
1523 30.50
1524 26.00
1525 80.00
1526 50.00
1527 41.00
1528 18.80
1529 52.43
1530 89.00
1531 138.50
1532 33.20
1533 82.33
1534 82.75
1535 40.00
1536 54.33
1537 91.20
1538 57.00
1539 41.00
1540 96.44
1541 28.25
1542 47.25
1543 46.50
1544 52.25
1545 34.75
1546 21.86
1547 35.00
1548 14.33
1549 74.50
1550 36.67
1551 53.00
1552 47.25
1553 62.62
1554 40.88
1555 63.67
1556 74.62
1557 24.20
1558 38.00
1561 48.40
1562 24.50
1563 34.25
1564 44.90
1565 45.00
1566 38.67
1567 49.80
1568 41.00
1569 64.20
1570 60.67
1571 39.86
1572 52.00
1573 55.33
1574 19.40
1575 48.33
1576 66.60
1577 29.50
1578 62.67
1579 55.33
1580 30.25
1581 24.25
1582 76.33
1583 32.86
1584 32.75
1585 46.50
1586 50.50
1587 2.00
1588 46.00
1589 42.33
1590 49.67
1591 44.00
1592 66.00
1593 67.25
1594 31.17
1595 63.75
1596 64.40
1597 72.00
1598 48.86
1599 32.60
1600 46.33
1601 27.00
1602 32.50
1604 19.50
1605 45.00
1606 73.75
1607 34.33
1608 78.00
1609 23.33
1610 67.00
1611 39.22
1612 89.50
1613 71.40
1614 63.50
1615 31.75
1616 43.33
1617 61.92
1618 38.50
1619 39.33
1620 39.33
1621 69.88
1622 44.25
1623 48.80
1624 34.60
1625 49.25
1626 94.00
1627 33.67
1628 44.25
1629 45.86
1630 99.00
1631 77.00
1632 71.00
1633 119.50
1634 51.50
1635 48.00
1636 42.50
1637 44.80
1638 24.00
1639 65.00
1640 13.25
1641 35.67
1642 64.50
1643 61.43
1644 5.50
1645 44.67
1646 51.14
1647 62.50
1648 34.60
1649 43.40
1650 52.00
1651 61.57
1652 34.82
1653 79.12
1654 7.33
1655 47.25
1656 56.33
1657 39.71
1658 28.50
1659 36.36
1660 12.00
1661 11.67
1662 41.50
1663 20.00
1664 60.00
1665 150.00
1666 77.00
1667 47.00
1668 66.20
1669 43.00
1670 39.00
1671 44.57
1672 69.67
1673 66.25
1674 73.67
1675 27.75
1676 45.43
1677 34.14
1678 51.29
1679 14.00
1680 81.50
1681 28.00
1682 65.00
1683 32.75
1684 62.40
1685 37.75
1686 28.50
1687 44.71
1688 16.50
1689 56.57
1690 54.57
1691 33.25
1692 53.00
1693 38.00
1694 20.67
1695 60.17
1696 49.86
1697 72.80
1698 36.40
1699 37.50
1700 37.67
1701 14.00
1702 63.83
1703 82.25
1704 51.20
1705 71.25
1706 46.43
1707 81.27
1708 36.43
1709 37.00
1710 55.43
1711 29.50
1712 51.25
1713 52.25
1714 36.25
1715 49.20
1716 86.50
1717 48.67
1718 50.00
1719 34.00
1720 41.20
1721 55.00
1722 77.67
1723 41.57
1724 47.83
1725 33.20
1726 58.00
1727 18.67
1728 34.00
1729 22.83
1730 35.75
1731 59.80
1732 51.00
1733 48.00
1734 93.40
1735 73.00
1736 79.83
1737 29.00
1738 23.80
1739 56.33
1740 33.67
1741 41.50
1742 52.43
1743 51.80
1744 23.00
1745 52.00
1746 3.00
1747 1.00
1748 76.80
1749 34.40
1750 29.17
1751 8.00
1753 43.67
1754 35.20
1755 39.60
1756 63.33
1757 52.67
1758 87.00
1759 57.33
1760 76.67
1761 38.00
1762 49.33
1763 67.20
1764 22.78
1765 97.00
1766 58.20
1767 45.00
1768 55.62
1769 54.67
1770 34.80
1771 57.00
1772 49.33
1773 48.40
1774 11.00
1775 58.00
1776 5.00
1777 54.89
1778 46.25
1779 56.33
1780 92.00
1781 33.00
1782 26.00
1783 71.57
1784 31.33
1785 104.67
1786 24.00
1787 39.00
1788 20.50
1789 49.75
1790 54.22
1791 37.50
1792 66.60
1793 49.75
1794 67.25
1795 91.50
1796 52.00
1797 32.50
1798 66.17
1799 33.20
1800 25.40
1801 44.50
1802 68.75
1803 35.33
1804 51.33
1805 57.25
1806 51.50
1807 26.75
1808 19.20
1809 57.14
1810 8.33
1811 25.40
1812 20.67
1813 30.00
1814 57.00
1815 60.75
1816 132.00
1817 50.40
1818 87.14
1819 39.50
1820 45.00
1821 26.00
1822 25.33
1823 24.50
1824 42.50
1825 30.00
1826 71.00
1827 27.62
1828 73.00
1829 41.17
1830 68.00
1831 36.20
1832 29.00
1833 23.60
1834 33.67
1835 37.50
1836 48.86
1837 59.75
1838 34.00
1839 41.25
1840 21.67
1841 76.00
1842 38.00
1843 38.33
1844 37.60
1845 72.50
1846 19.00
1847 37.33
1848 28.50
1849 42.33
1850 80.75
1851 29.60
1852 53.14
1853 49.29
1854 24.50
1855 50.50
1856 55.00
1857 42.83
1858 30.50
1859 58.00
1860 44.33
1861 40.40
1862 13.33
1863 48.80
1864 73.67
1865 71.75
1866 40.00
1867 51.29
1868 35.60
1869 72.67
1870 26.60
1871 32.17
1872 75.00
1873 57.17
1874 37.62
1875 23.00
1876 19.83
1877 31.50
1878 63.62
1879 30.00
1880 16.75
1881 40.57
1882 55.00
1883 39.57
1884 60.67
1885 13.33
1886 11.25
1887 35.25
1888 68.20
1889 39.00
1890 41.00
1891 68.29
1892 64.50
1893 53.75
1894 40.80
1895 48.33
1896 32.50
1897 38.00
1898 44.00
1899 84.75
1900 101.25
1901 38.25
1902 71.33
1903 55.00
1904 35.43
1905 59.00
1906 25.14
1907 24.45
1908 57.25
1909 58.50
1910 57.70
1911 41.17
1912 49.33
1913 102.00
1914 54.33
1915 71.00
1916 33.67
1917 100.00
1918 62.00
1919 57.33
1920 55.50
1921 91.00
1922 47.00
1923 34.20
1924 40.57
1925 28.11
1926 73.25
1927 37.00
1928 25.00
1929 33.83
1930 33.50
1931 54.33
1932 34.25
1933 58.17
1934 34.50
1935 85.00
1936 54.33
1937 56.00
1938 49.25
1939 31.67
1940 58.33
1941 56.88
1942 48.33
1943 75.43
1944 69.00
1945 25.75
1946 38.00
1947 76.50
1948 55.50
1949 59.67
1950 42.14
1951 76.00
1952 31.50
1953 64.50
1954 52.75
1955 53.00
1956 52.33
1957 45.17
1958 33.00
1959 43.83
1960 97.80
1961 66.56
1962 63.67
1963 26.00
1964 43.33
1965 51.42
1966 46.83
1967 51.75
1968 53.71
1969 26.00
1970 10.75
1971 61.67
1972 81.00
1973 52.60
1974 18.00
1975 64.50
1976 57.50
1977 53.50
1978 35.33
1979 22.00
1980 55.14
1981 77.33
1982 106.33
1983 42.30
1984 27.50
1985 43.00
1986 17.12
1987 58.50
1988 90.33
1989 49.50
1990 46.00
1991 45.88
1992 64.20
1993 35.00
1994 52.10
1995 50.00
1996 54.00
1997 46.17
1998 33.14
1999 31.67
2000 65.60
2001 80.40
2002 58.14
2003 16.20
2004 53.00
2005 21.17
2006 60.60
2007 20.80
2008 45.00
2009 52.50
2010 58.67
2011 28.42
2012 48.80
2013 47.17
2014 23.50
2015 30.00
2016 29.91
2017 48.33
2018 46.17
2019 22.80
2020 21.50
2021 47.67
2022 54.80
2023 38.40
2024 52.75
2025 70.50
2026 50.75
2027 45.17
2028 50.25
2029 19.80
2030 55.50
2032 62.75
2033 73.67
2034 39.17
2035 80.00
2036 24.80
2037 21.00
2038 66.50
2039 55.67
2040 65.33
2041 69.60
2042 29.67
2043 53.27
2044 75.17
2045 82.50
2046 48.67
2047 29.50
2048 74.00
2049 39.80
2050 27.33
2051 57.33
2052 20.50
2053 93.50
2054 114.67
2055 63.00
2056 74.00
2057 30.12
2058 28.20
2059 34.86
2060 42.71
2061 44.67
2062 57.86
2063 52.50
2064 50.20
2065 47.00
2066 93.67
2067 45.33
2068 63.80
2069 69.20
2070 40.50
2071 43.20
2072 84.50
2073 46.17
2074 30.12
2075 52.00
2076 27.50
2077 36.62
2078 72.25
2079 46.25
2080 43.20
2081 47.60
2082 33.25
2083 45.67
2084 64.60
2085 34.00
2086 40.00
2087 67.00
2088 16.50
2089 49.00
2090 51.33
2091 39.33
2092 38.86
2093 77.86
2094 40.50
2095 23.67
2096 27.00
2097 15.50
2098 44.80
2099 74.33
2100 10.75
2101 23.80
2102 65.50
2103 33.75
2104 29.50
2105 21.00
2106 39.67
2107 3.00
2108 72.50
2109 21.25
2110 32.25
2111 58.80
2112 64.50
2113 58.50
2114 72.75
2115 103.25
2116 32.75
2117 59.00
2118 29.60
2119 67.38
2120 91.20
2121 77.50
2122 88.00
2123 58.43
2124 13.33
2125 37.33
2126 64.83
2127 43.50
2128 20.00
2129 50.40
2130 36.86
2131 29.00
2132 48.00
2133 104.67
2134 57.40
2135 47.75
2136 65.60
2137 34.75
2138 40.38
2139 29.50
2140 48.88
2141 33.00
2142 46.40
2143 44.00
2144 62.00
2145 48.00
2146 38.33
2147 91.60
2148 10.00
2149 40.40
2150 25.33
2151 40.50
2152 63.75
2153 34.71
2154 52.00
2155 50.50
2156 15.71
2157 44.33
2158 41.80
2159 103.00
2160 26.25
2161 12.00
2162 39.88
2163 39.12
2164 14.33
2165 27.14
2166 6.50
2167 27.38
2168 59.00
2169 38.29
2170 23.50
2171 32.25
2172 58.33
2173 23.75
2174 52.25
2175 20.00
2176 79.00
2177 56.00
2178 65.44
2179 30.00
2180 46.33
2182 23.00
2183 13.25
2184 76.00
2185 37.50
2186 37.50
2187 37.00
2188 73.14
2189 73.00
2190 28.50
2191 65.50
2192 28.12
2193 82.33
2194 35.75
2195 31.17
2196 51.33
2197 56.75
2198 127.00
2199 75.33
2200 60.14
2201 62.33
2202 7.00
2203 53.00
2204 101.25
2206 56.43
2207 38.75
2208 41.56
2209 8.00
2210 27.50
2211 34.00
2212 58.50
2213 57.25
2214 42.50
2215 57.20
2216 85.50
2217 48.00
2218 34.50
2219 25.88
2220 47.00
2222 53.00
2223 52.78
2224 67.75
2225 10.86
2226 81.25
2227 21.00
2228 53.40
2229 43.14
2230 70.50
2231 48.50
2232 47.50
2233 22.00
2234 64.00
2235 37.64
2236 44.00
2237 61.31
2238 28.00
2239 27.50
2240 31.70
2241 26.43
2242 38.33
2243 17.00
2244 38.00
2245 71.80
2246 44.33
2247 50.33
2248 41.00
2249 52.38
2250 24.67
2251 44.33
2252 33.00
2253 51.00
2254 36.50
2255 97.33
2256 77.60
2257 19.25
2258 33.57
2259 42.67
2260 39.50
2261 18.00
2262 85.50
2263 19.83
2264 100.67
2265 72.60
2266 48.00
2267 97.33
2268 61.75
2269 21.80
2270 48.20
2271 36.78
2272 55.43
2273 57.20
2274 55.40
2275 62.25
2276 41.25
2277 37.67
2278 94.00
2279 14.17
2280 58.86
2281 44.40
2282 30.56
2283 19.67
2284 42.00
2285 91.33
2286 101.80
2287 45.00
2288 73.00
2289 53.00
2290 17.33
2291 55.50
2292 83.00
2293 26.00
2294 46.00
2295 83.00
2296 32.67
2297 65.80
2298 54.33
2299 57.86
2300 19.00
2301 51.43
2302 46.25
2303 7.25
2304 22.67
2305 27.75
2306 18.14
2307 119.00
2308 45.00
2309 32.40
2310 53.67
2311 77.00
2312 55.20
2313 88.40
2314 45.43
2315 44.00
2316 86.50
2317 59.12
2318 10.00
2319 85.67
2320 63.00
2321 64.60
2322 46.50
2323 34.62
2324 44.00
2325 61.33
2326 115.50
2327 46.17
2328 40.75
2329 17.00
2330 63.33
2331 96.00
2332 40.25
2333 45.00
2334 116.00
2335 39.25
2336 63.00
2337 42.25
2338 47.00
2339 46.00
2340 9.00
2341 23.00
2342 53.83
2343 50.50
2344 19.50
2345 41.43
2346 49.83
2347 48.60
2348 50.40
2349 57.00
2350 53.83
2351 44.67
2352 102.80
2353 37.50
2354 50.43
2355 36.33
2356 30.83
2357 8.00
2358 26.33
2359 100.67
2360 49.20
2361 31.20
2362 23.60
2363 83.67
2364 45.50
2365 3.67
2366 34.67
2367 61.43
2368 42.00
2369 21.50
2370 51.60
2371 29.50
2372 150.00
2373 57.50
2374 56.40
2375 65.00
2376 50.00
2377 55.12
2378 35.83
2379 27.83
2380 35.00
2381 71.60
2382 54.00
2383 38.67
2384 47.12
2385 52.14
2386 22.00
2387 71.00
2388 40.40
2389 81.17
2390 40.00
2391 80.00
2392 69.60
2393 58.20
2394 54.67
2395 40.00
2396 51.86
2397 46.00
2398 49.00
2399 49.83
2400 33.50
2401 33.83
2402 74.75
2403 26.40
2404 35.17
2405 47.80
2406 54.33
2407 25.00
2408 29.33
2409 71.67
2410 24.80
2411 67.25
2412 90.38
2413 58.33
2414 43.09
2415 17.25
2416 30.67
2417 50.00
2418 50.67
2419 71.00
2420 65.25
2421 59.00
2422 46.88
2423 50.20
2424 79.50
2425 46.80
2426 52.50
2427 25.67
2428 54.00
2429 9.00
2430 31.50
2431 28.67
2432 33.71
2433 53.33
2434 38.00
2435 18.00
2436 52.00
2437 38.83
2438 34.33
2439 80.60
2440 60.71
2441 91.00
2442 19.67
2443 37.20
2444 57.00
2445 63.25
2446 86.33
2447 78.08
2448 61.00
2449 81.00
2450 56.20
2451 43.80
2452 46.25
2453 66.75
2454 56.33
2455 38.60
2456 51.57
2457 13.50
2458 26.33
2459 18.50
2460 58.50
2461 63.50
2462 76.67
2463 67.50
2464 45.00
2465 45.75
2466 18.00
2467 39.67
2468 44.00
2469 44.00
2470 44.33
2471 57.44
2472 30.00
2473 55.00
2474 35.00
2475 69.12
2476 21.71
2477 55.75
2478 48.30
2479 38.60
2480 18.80
2481 18.17
2482 39.80
2483 68.67
2484 36.60
2485 53.40
2486 34.71
2487 34.00
2488 58.17
2489 54.71
2490 54.75
2491 75.00
2492 49.22
2493 47.00
2494 27.67
2495 60.88
2496 24.75
2497 70.00
2498 44.29
2499 74.71
2500 36.00
2501 86.00
2502 34.40
2503 42.75
2504 43.50
2505 60.80
2506 58.00
2507 86.00
2508 71.75
2509 24.00
2510 54.00
2511 35.78
2512 61.00
2513 62.29
2514 38.00
2515 34.50
2516 21.67
2517 36.33
2518 59.00
2519 64.60
2520 56.50
2521 56.70
2522 37.50
2523 50.83
2524 36.25
2525 20.80
2526 26.00
2527 51.00
2528 37.00
2529 20.33
2530 54.00
2531 50.00
2532 47.00
2533 46.50
2534 80.00
2535 37.50
2536 75.50
2537 44.14
2538 87.67
2539 65.11
2540 20.00
2541 1.00
2542 30.00
2543 22.50
2544 55.33
2545 28.75
2546 46.92
2547 60.75
2548 27.00
2549 92.75
2550 10.00
2551 61.14
2552 54.88
2553 58.00
2554 51.10
2555 45.40
2556 54.00
2557 53.78
2558 44.00
2559 24.00
2560 48.00
2561 42.80
2562 18.43
2563 30.67
2564 33.50
2565 11.00
2566 83.50
2567 28.33
2568 20.38
2569 25.71
2570 13.50
2571 41.67
2572 36.25
2573 36.60
2574 47.00
2575 28.80
2576 41.00
2577 72.00
2578 102.00
2579 51.00
2580 60.25
2581 8.00
2582 36.60
2583 36.17
2584 27.60
2585 58.00
2586 55.50
2587 35.00
2588 52.71
2589 22.20
2590 77.67
2591 22.00
2592 98.00
2593 41.50
2594 41.40
2595 71.20
2596 45.83
2597 35.50
2599 55.00
2600 48.11
2601 62.33
2602 62.25
2603 80.25
2604 25.33
2605 77.75
2606 58.00
2607 44.50
2608 20.50
2609 39.29
2610 53.38
2611 59.00
2612 42.00
2613 24.75
2614 12.50
2615 50.00
2616 18.50
2617 56.29
2618 41.17
2619 36.33
2620 38.29
2621 50.38
2622 67.50
2623 28.50
2624 32.00
2625 31.67
2626 58.00
2627 64.00
2628 75.00
2629 16.67
2630 46.00
2631 14.00
2632 64.30
2633 38.33
2634 38.78
2635 55.50
2636 60.50
2637 49.00
2638 71.75
2639 51.67
2640 10.67
2641 46.25
2642 39.80
2643 26.20
2644 128.00
2645 70.00
2646 61.67
2647 58.00
2648 62.40
2649 24.75
2650 52.62
2651 49.20
2652 37.71
2653 35.00
2654 21.33
2655 11.50
2656 37.60
2657 43.57
2658 33.67
2659 70.50
2660 66.25
2661 37.50
2662 23.00
2663 55.75
2664 61.75
2665 63.25
2666 14.00
2667 23.67
2668 60.86
2669 57.14
2670 77.67
2671 54.40
2672 50.80
2673 61.50
2674 39.17
2675 61.33
2676 95.25
2677 56.00
2678 17.00
2679 43.60
2680 50.00
2681 53.20
2682 71.33
2683 63.00
2684 63.25
2685 62.25
2686 69.67
2687 37.43
2688 36.00
2689 27.33
2690 55.00
2691 57.33
2692 41.50
2693 1.00
2694 52.00
2695 81.50
2696 39.43
2697 30.20
2698 72.00
2699 74.67
2700 47.00
2701 57.00
2702 31.00
2703 64.00
2704 47.00
2705 34.25
2706 66.75
2707 57.89
2708 30.00
2709 19.50
2710 43.75
2711 35.71
2712 56.89
2713 57.33
2714 13.00
2715 17.83
2716 57.80
2717 52.00
2718 64.33
2719 20.00
2720 44.67
2721 55.00
2722 44.67
2723 53.55
2724 76.33
2725 61.00
2726 68.71
2727 56.50
2728 46.00
2729 45.43
2730 74.50
2731 39.17
2732 19.00
2733 38.50
2734 57.78
2735 69.60
2736 43.00
2737 26.00
2738 51.50
2739 61.00
2740 25.75
2741 36.50
2742 38.71
2743 24.00
2744 63.80
2745 60.00
2746 37.20
2747 19.80
2748 51.00
2749 87.00
2750 60.00
2752 103.80
2753 78.75
2754 45.75
2755 33.60
2756 73.50
2757 45.00
2758 43.38
2759 46.38
2760 44.50
2761 58.29
2762 62.33
2763 83.50
2764 28.38
2765 42.00
2766 77.67
2767 48.62
2768 54.75
2769 38.00
2770 20.50
2771 51.00
2772 32.00
2773 54.50
2774 23.75
2775 12.00
2776 64.33
2777 35.40
2778 22.83
2779 57.20
2780 63.75
2781 56.67
2782 53.50
2783 51.33
2784 63.20
2785 29.14
2786 34.75
2787 59.60
2788 76.20
2789 44.00
2790 27.33
2791 35.00
2792 67.00
2794 35.33
2795 43.60
2796 39.50
2797 18.00
2798 34.60
2799 29.11
2800 36.25
2801 74.67
2802 25.00
2803 55.50
2804 34.33
2805 152.50
2806 43.67
2807 44.67
2808 71.00
2809 66.60
2810 56.67
2811 140.50
2812 34.43
2813 93.29
2814 66.88
2815 37.33
2816 28.43
2817 61.00
2818 118.50
2819 26.60
2820 61.00
2821 40.50
2822 37.50
2823 66.67
2824 84.40
2825 49.00
2826 52.27
2827 112.00
2828 38.25
2829 60.50
2830 26.33
2831 50.60
2832 36.33
2833 43.33
2834 101.33
2835 74.00
2836 44.00
2837 74.00
2838 28.67
2839 26.33
2840 55.33
2841 30.80
2842 45.80
2843 42.00
2844 56.00
2845 60.83
2846 19.33
2847 56.33
2848 48.50
2849 47.40
2850 29.00
2851 41.00
2852 29.00
2853 36.67
2854 54.50
2855 80.80
2856 112.50
2857 47.50
2858 73.00
2859 60.12
2860 70.80
2861 63.00
2862 27.80
2863 72.00
2864 37.20
2865 53.67
2866 35.83
2867 53.50
2868 43.29
2869 37.00
2870 56.00
2871 87.00
2872 55.33
2873 51.60
2874 42.33
2875 50.33
2876 33.33
2877 58.00
2878 6.00
2879 62.70
2880 11.00
2881 38.20
2882 54.00
2883 46.67
2884 68.12
2885 84.83
2886 46.50
2887 36.33
2888 43.14
2889 47.83
2890 35.14
2891 21.25
2892 65.00
2893 65.00
2894 14.00
2895 42.86
2896 69.33
2897 71.33
2898 71.60
2899 25.00
2900 89.20
2901 42.17
2902 20.25
2903 96.33
2904 69.17
2905 39.67
2906 37.43
2907 59.00
2908 6.40
2909 88.83
2910 51.43
2911 41.00
2912 25.57
2913 54.12
2914 56.00
2915 32.75
2916 65.83
2917 56.83
2918 41.33
2919 48.00
2920 48.00
2921 64.67
2922 31.50
2923 38.00
2924 18.25
2925 56.60
2926 41.00
2927 78.25
2928 37.40
2929 44.75
2930 64.50
2931 69.83
2932 76.71
2933 35.67
2934 45.60
2935 28.50
2936 20.50
2937 68.33
2938 25.50
2939 27.25
2940 82.00
2941 51.80
2942 1.50
2943 24.40
2944 31.00
2945 71.80
2946 73.50
2947 44.83
2948 47.75
2949 21.50
2950 44.60
2951 54.67
2952 29.57
2953 79.00
2954 11.25
2955 59.40
2956 29.40
2957 23.67
2958 18.20
2959 14.71
2960 7.50
2961 58.75
2962 71.20
2963 26.25
2964 34.25
2965 63.20
2966 44.20
2967 52.25
2968 65.00
2969 20.00
2970 13.00
2971 35.20
2972 39.20
2973 29.67
2974 37.67
2975 11.00
2976 72.50
2977 42.62
2978 35.20
2979 41.00
2980 35.43
2981 49.29
2982 50.25
2983 64.67
2984 38.00
2985 82.86
2986 42.00
2987 58.00
2988 53.33
2989 43.00
2990 61.00
2991 64.50
2992 62.20
2993 48.00
2994 65.14
2995 39.33
2996 31.00
2997 67.86
2998 42.14
2999 39.56
3000 87.50
3001 16.40
3002 82.67
3003 36.00
3004 68.40
3005 85.43
3006 22.33
3007 54.25
3008 33.67
3009 44.17
3010 59.36
3011 26.33
3012 36.75
3013 40.00
3014 16.00
3015 49.50
3016 31.67
3017 36.56
3018 45.00
3019 45.57
3020 52.33
3021 62.33
3022 28.50
3023 68.17
3024 32.50
3025 87.00
3026 31.10
3027 70.88
3028 69.00
3029 46.00
3030 24.40
3031 44.55
3032 35.57
3033 26.20
3034 35.00
3035 107.00
3036 43.25
3037 49.14
3038 69.14
3039 23.40
3040 60.00
3041 69.40
3042 25.50
3043 53.33
3044 43.86
3045 83.00
3046 64.00
3047 41.50
3048 19.00
3049 36.00
3050 58.50
3051 51.50
3052 20.75
3053 54.80
3054 79.00
3055 24.67
3056 39.56
3057 28.67
3058 24.67
3059 15.67
3060 86.00
3061 19.40
3062 31.50
3063 69.17
3064 38.00
3065 71.00
3066 61.22
3067 35.00
3068 55.00
3069 99.25
3070 50.80
3071 52.33
3072 49.88
3073 44.00
3074 67.67
3075 33.00
3077 38.75
3078 63.00
3079 36.33
3080 65.00
3081 30.50
3082 37.50
3083 26.12
3084 50.75
3086 16.67
3087 21.40
3088 46.57
3089 53.57
3090 41.33
3091 19.00
3092 44.14
3093 68.20
3094 33.00
3095 64.50
3096 37.60
3097 14.50
3098 82.20
3100 37.33
3101 47.57
3102 63.75
3103 47.50
3104 34.20
3105 43.67
3106 50.55
3107 18.00
3108 39.33
3109 4.67
3110 29.00
3111 46.25
3112 49.00
3113 45.80
3114 29.75
3115 29.50
3116 29.83
3117 33.50
3118 77.00
3119 25.25
3120 41.57
3121 49.67
3122 45.83
3123 33.00
3124 53.43
3125 67.80
3126 36.33
3127 8.00
3128 28.33
3129 68.30
3130 56.44
3131 24.25
3132 57.67
3133 42.50
3134 63.25
3135 61.25
3136 34.20
3137 18.67
3138 57.00
3139 36.25
3140 48.31
3141 28.25
3142 41.00
3143 31.50
3144 73.00
3145 16.50
3146 30.67
3147 27.00
3148 25.33
3149 24.50
3150 55.60
3151 55.00
3152 62.75
3153 28.00
3154 27.67
3155 41.00
3156 45.71
3157 59.56
3158 31.33
3159 51.14
3160 44.00
3161 43.00
3162 33.50
3163 93.00
3164 40.75
3165 15.00
3166 53.25
3167 15.50
3168 68.75
3169 52.20
3170 58.00
3171 34.70
3172 68.00
3173 29.22
3174 31.25
3175 36.50
3176 68.25
3177 50.00
3178 98.00
3179 44.20
3180 62.00
3181 37.44
3182 10.33
3183 49.14
3184 47.33
3185 46.67
3186 48.00
3187 22.40
3188 28.25
3189 57.00
3190 25.25
3191 75.25
3192 46.73
3193 73.00
3194 25.50
3195 25.83
3196 75.57
3197 71.00
3198 36.50
3199 41.29
3200 64.20
3201 45.44
3202 62.67
3203 40.33
3204 32.80
3205 49.20
3206 65.50
3207 73.00
3208 39.00
3209 59.50
3210 24.67
3211 47.50
3212 22.00
3213 33.00
3214 29.25
3215 38.33
3216 19.60
3217 59.22
3218 54.38
3219 8.00
3220 35.60
3221 30.88
3222 47.20
3223 47.40
3224 51.00
3225 103.50
3226 71.50
3227 25.17
3228 22.67
3229 34.40
3230 39.00
3231 59.43
3232 16.25
3233 42.50
3234 48.00
3235 146.75
3236 35.80
3237 81.75
3238 33.00
3239 49.33
3240 44.86
3241 38.43
3242 95.50
3243 42.75
3244 63.38
3245 70.00
3246 92.00
3247 18.33
3248 30.57
3249 44.70
3250 76.67
3251 50.86
3252 27.00
3253 63.50
3254 86.20
3255 31.00
3256 45.25
3257 70.62
3258 45.50
3259 31.50
3260 70.33
3261 24.20
3262 43.00
3263 33.50
3264 24.40
3265 50.75
3266 57.40
3267 68.00
3268 50.14
3269 50.50
3270 36.67
3271 62.75
3272 27.00
3273 50.50
3274 13.25
3275 45.83
3276 33.75
3277 29.25
3278 51.00
3279 32.22
3280 22.60
3281 91.50
3282 37.33
3283 51.00
3284 35.75
3285 55.75
3286 54.67
3287 54.80
3288 64.88
3289 27.83
3290 28.00
3291 49.86
3292 34.40
3293 42.80
3294 23.80
3295 62.67
3296 149.00
3297 73.67
3298 44.00
3299 62.33
3300 25.00
3301 57.75
3302 78.40
3303 48.00
3304 49.20
3305 40.20
3306 97.00
3307 45.75
3308 61.80
3309 60.89
3310 59.00
3311 24.60
3312 87.60
3314 43.20
3315 120.00
3316 51.67
3317 48.50
3318 46.62
3319 26.00
3320 57.67
3321 21.80
3322 11.50
3323 10.20
3324 58.25
3325 69.25
3326 69.80
3327 31.67
3328 38.60
3329 62.17
3330 23.40
3331 64.22
3332 49.00
3333 56.71
3334 56.00
3335 5.00
3336 34.70
3337 9.00
3338 40.57
3339 85.00
3340 48.43
3341 38.50
3342 22.20
3343 37.00
3344 42.25
3345 52.33
3346 34.29
3347 57.33
3348 45.00
3349 70.50
3350 68.75
3351 42.20
3352 27.40
3353 63.50
3354 81.50
3355 58.00
3356 45.75
3357 52.50
3358 47.88
3359 36.38
3360 41.11
3361 66.40
3362 49.50
3363 86.00
3364 61.00
3365 36.00
3366 33.60
3367 44.33
3368 61.25
3369 37.00
3370 31.86
3371 60.67
3372 81.62
3373 58.50
3374 72.00
3375 79.29
3376 17.50
3377 99.25
3378 65.71
3379 24.33
3380 67.00
3381 36.00
3382 25.75
3383 4.00
3384 28.33
3385 29.20
3386 57.50
3387 67.50
3388 30.20
3389 72.80
3390 204.00
3391 91.00
3392 21.33
3393 13.00
3394 53.60
3395 37.67
3396 40.54
3397 34.50
3398 35.14
3399 58.00
3400 29.00
3401 39.00
3402 36.12
3403 39.80
3404 54.75
3405 36.75
3406 57.86
3407 68.80
3408 4.00
3409 33.22
3410 5.60
3411 53.67
3412 53.00
3413 30.89
3414 34.75
3415 20.40
3416 5.00
3417 41.50
3418 35.50
3419 79.67
3420 25.00
3421 58.80
3422 50.25
3423 45.60
3424 37.88
3425 33.25
3426 42.50
3428 28.50
3429 96.50
3430 25.80
3431 75.50
3432 39.00
3433 20.33
3434 63.20
3435 37.50
3436 35.20
3437 45.00
3438 55.25
3439 67.00
3440 32.00
3441 33.86
3442 28.25
3443 53.11
3444 31.00
3445 37.50
3446 60.40
3447 79.40
3448 45.25
3449 50.33
3450 69.00
3451 113.50
3452 67.00
3453 52.44
3454 36.40
3455 35.25
3456 30.00
3457 52.00
3458 73.71
3459 37.33
3460 96.80
3461 69.00
3462 45.50
3463 64.75
3464 58.89
3465 15.33
3466 51.83
3467 38.17
3468 75.50
3469 25.67
3470 61.22
3471 45.67
3472 89.00
3473 56.00
3474 30.83
3475 22.50
3476 19.86
3478 35.25
3479 18.00
3480 39.60
3481 34.57
3482 28.00
3483 78.67
3484 90.80
3485 46.00
3486 54.33
3487 48.83
3488 35.67
3489 58.50
3490 21.67
3491 71.50
3492 44.25
3493 85.00
3494 85.50
3495 43.80
3496 34.88
3497 50.75
3498 40.50
3499 41.17
3500 55.50
3501 38.67
3502 75.25
3503 26.00
3504 56.62
3505 32.00
3506 74.86
3507 47.25
3508 61.67
3509 46.00
3510 43.67
3511 41.14
3512 26.33
3513 79.50
3514 57.33
3515 160.00
3516 32.75
3517 49.75
3518 61.00
3519 10.50
3520 53.40
3521 28.17
3522 53.25
3523 66.57
3524 41.00
3525 53.75
3526 70.40
3527 85.40
3528 28.17
3529 49.14
3530 46.43
3531 34.60
3532 39.67
3533 39.20
3534 41.17
3535 40.67
3536 98.00
3537 37.00
3538 56.60
3539 83.60
3540 24.57
3541 63.17
3542 23.67
3543 90.50
3544 27.00
3545 44.50
3546 41.67
3547 27.75
3548 25.20
3549 42.17
3550 44.00
3551 27.67
3552 12.50
3553 52.60
3554 111.00
3555 28.00
3556 54.00
3557 19.00
3558 41.80
3559 18.50
3560 21.20
3561 64.60
3562 69.00
3563 46.57
3564 48.80
3565 11.60
3566 67.83
3567 52.00
3568 37.75
3569 85.33
3570 33.75
3571 38.67
3572 44.20
3573 27.60
3575 120.75
3576 51.00
3577 59.83
3578 48.33
3579 78.25
3580 40.67
3581 50.83
3582 143.00
3583 68.67
3584 65.20
3585 19.50
3586 50.86
3587 28.33
3588 29.50
3589 42.89
3590 60.33
3591 60.82
3592 42.71
3593 78.40
3594 64.67
3595 9.00
3596 47.40
3597 61.00
3598 16.25
3599 61.38
3600 42.71
3601 22.14
3602 30.50
3603 29.17
3604 23.75
3605 39.50
3606 9.00
3607 22.33
3608 48.00
3609 44.00
3610 31.40
3611 53.60
3612 38.50
3613 50.71
3614 78.40
3615 35.60
3616 28.75
3617 42.80
3618 77.43
3619 31.00
3620 47.50
3621 48.60
3622 56.17
3623 43.80
3624 55.33
3625 35.29
3626 39.18
3627 44.00
3628 34.80
3629 57.88
3630 40.60
3631 54.30
3632 57.00
3633 52.33
3634 51.67
3635 25.33
3636 55.80
3637 63.00
3638 56.80
3639 34.67
3640 44.00
3641 83.00
3642 69.50
3643 48.60
3644 34.80
3645 42.50
3646 61.67
3647 44.11
3648 35.33
3649 30.00
3650 14.00
3651 9.33
3652 64.71
3653 78.50
3654 87.67
3655 40.43
3656 111.00
3657 52.00
3658 81.71
3659 46.50
3660 44.57
3661 4.00
3662 30.00
3663 69.75
3664 67.50
3665 65.00
3666 74.25
3667 59.00
3668 14.33
3669 44.33
3670 58.50
3671 38.50
3672 53.50
3673 60.25
3674 52.33
3675 49.50
3676 18.00
3677 29.67
3678 12.00
3679 36.00
3680 46.33
3681 72.88
3682 38.00
3683 31.00
3684 20.00
3685 55.80
3686 41.60
3687 41.50
3688 50.00
3689 39.33
3690 75.00
3691 51.50
3692 36.20
3693 48.88
3694 43.60
3695 34.86
3696 32.80
3697 38.00
3698 15.67
3699 43.17
3700 44.86
3701 55.43
3702 76.00
3703 70.50
3704 78.75
3705 59.00
3706 12.00
3707 29.57
3708 65.57
3709 35.22
3710 56.17
3711 49.71
3712 118.00
3713 18.00
3714 69.00
3715 31.86
3716 5.00
3717 32.80
3718 38.75
3719 60.12
3720 78.71
3721 15.40
3722 45.43
3723 38.33
3724 29.33
3725 65.67
3726 39.75
3727 57.50
3728 52.00
3729 89.00
3730 76.57
3731 70.00
3732 44.20
3733 48.00
3734 48.60
3735 34.29
3736 98.00
3737 10.67
3738 17.67
3739 62.50
3740 25.67
3741 62.50
3742 62.50
3743 21.86
3744 33.00
3745 22.00
3746 52.00
3747 28.40
3748 51.67
3749 30.80
3750 19.00
3751 40.50
3752 70.00
3753 64.38
3754 42.92
3755 47.75
3756 113.00
3757 60.50
3758 43.83
3759 60.50
3760 35.00
3761 48.60
3762 19.25
3763 43.86
3764 70.86
3765 42.83
3766 43.40
3767 58.67
3768 70.33
3769 63.75
3770 66.80
3771 55.50
3772 38.00
3773 44.50
3774 72.67
3775 74.20
3776 44.33
3777 32.00
3778 35.71
3779 26.25
3780 73.33
3781 88.00
3782 45.20
3783 35.40
3784 50.12
3785 97.33
3786 23.75
3787 37.33
3788 67.40
3789 61.50
3790 42.40
3791 29.83
3792 60.80
3793 26.60
3794 67.38
3795 86.00
3796 27.00
3797 40.75
3798 40.17
3799 77.00
3800 87.00
3801 28.60
3802 40.00
3803 64.00
3804 43.88
3805 36.40
3806 61.43
3807 43.71
3808 54.60
3809 21.00
3810 54.11
3811 24.25
3812 61.20
3813 43.60
3814 52.73
3815 26.67
3816 49.00
3817 101.00
3818 54.00
3819 50.80
3820 46.89
3821 91.00
3822 52.00
3823 49.57
3824 27.33
3825 34.33
3826 34.40
3827 32.60
3828 57.40
3829 57.20
3830 41.00
3831 31.75
3832 58.00
3833 62.67
3834 47.00
3835 44.50
3836 27.10
3837 18.83
3838 35.25
3839 29.33
3840 51.80
3841 33.50
3842 37.80
3843 43.20
3844 23.50
3845 32.00
3846 42.67
3847 45.80
3848 48.00
3849 18.75
3850 43.25
3851 32.33
3852 51.17
3853 48.00
3854 56.20
3855 24.75
3856 44.00
3857 24.67
3858 49.50
3859 65.29
3860 22.00
3861 43.60
3862 63.33
3863 36.83
3864 85.25
3865 27.20
3866 44.25
3867 70.67
3868 40.00
3869 61.00
3870 63.67
3871 21.33
3872 40.17
3873 25.50
3874 31.82
3875 30.50
3876 36.14
3877 16.00
3878 57.00
3879 56.83
3880 32.00
3881 45.00
3882 76.50
3883 72.00
3884 36.62
3885 74.00
3886 50.00
3887 71.00
3888 42.33
3889 114.50
3890 68.20
3891 83.00
3892 26.00
3893 91.67
3894 62.67
3895 32.88
3896 69.60
3897 49.00
3898 67.67
3899 86.00
3900 26.75
3901 74.00
3902 52.00
3903 97.00
3904 61.00
3905 42.70
3906 63.75
3907 86.75
3908 78.40
3909 54.00
3910 72.25
3911 12.00
3912 22.33
3913 43.75
3914 34.09
3915 57.50
3916 76.75
3917 55.00
3918 42.38
3919 63.71
3920 38.75
3921 43.33
3922 54.00
3923 27.33
3924 24.75
3925 24.67
3926 37.50
3927 73.25
3928 23.00
3929 60.00
3930 44.20
3931 18.00
3932 52.55
3933 50.17
3934 36.50
3935 14.25
3936 34.50
3937 54.33
3938 84.67
3939 42.25
3940 59.67
3941 68.83
3942 63.00
3943 30.80
3944 59.00
3945 54.67
3946 33.80
3947 22.00
3948 105.67
3949 82.00
3950 81.67
3951 40.00
3952 11.50
3953 85.00
3954 44.80
3955 24.50
3956 47.00
3957 29.71
3958 62.60
3959 33.00
3960 60.75
3961 38.80
3962 37.50
3963 70.56
3964 20.75
3965 48.25
3966 55.50
3967 46.50
3968 32.67
3969 56.60
3970 40.50
3971 80.80
3972 43.80
3973 57.50
3974 36.00
3975 23.00
3976 57.40
3977 63.00
3978 42.86
3979 14.00
3980 61.17
3981 38.67
3982 121.00
3983 40.17
3984 29.00
3985 65.71
3986 108.00
3987 45.20
3988 45.33
3989 36.90
3990 77.67
3991 51.00
3992 60.00
3993 42.00
3994 49.25
3995 32.33
3996 15.50
3997 51.50
3998 68.70
3999 35.83
4000 80.00
4001 17.67
4002 66.50
4003 45.29
4004 61.50
4005 108.00
4006 53.75
4007 49.80
4008 34.17
4009 39.57
4010 54.08
4011 52.67
4012 57.00
4013 3.00
4014 65.00
4015 22.83
4016 10.00
4017 86.40
4018 14.80
4019 63.60
4020 26.67
4021 76.00
4022 26.00
4023 32.00
4024 29.00
4025 40.20
4026 24.00
4027 53.38
4028 28.00
4029 53.25
4030 65.40
4031 41.60
4032 45.67
4033 58.67
4034 50.00
4035 34.80
4036 22.50
4037 24.33
4038 73.00
4039 35.00
4040 63.00
4042 1.50
4043 66.50
4044 50.50
4045 38.00
4046 55.00
4047 60.20
4048 2.00
4049 19.75
4050 45.78
4051 33.86
4052 43.60
4053 65.25
4054 19.80
4056 69.43
4057 50.80
4058 73.71
4059 39.60
4060 46.25
4061 35.67
4062 33.33
4063 41.67
4064 43.00
4065 53.29
4066 60.50
4067 45.33
4068 46.67
4069 44.25
4070 80.29
4071 49.62
4072 50.50
4073 49.56
4074 48.67
4075 50.67
4076 33.88
4077 99.80
4078 72.43
4079 28.50
4080 46.00
4081 32.40
4082 12.00
4083 69.50
4084 89.40
4085 46.00
4086 50.88
4087 26.00
4088 44.25
4089 77.71
4090 41.82
4091 53.29
4092 46.25
4093 13.50
4094 40.11
4095 57.20
4096 48.40
4097 8.67
4098 17.50
4099 75.83
4100 36.62
4101 74.20
4102 78.67
4103 29.57
4104 49.67
4105 43.00
4106 32.00
4107 85.60
4108 66.40
4109 35.00
4110 33.00
4111 117.00
4112 63.62
4113 44.80
4114 41.57
4115 21.00
4116 40.43
4117 49.00
4118 59.50
4119 28.25
4120 33.80
4121 61.60
4122 73.40
