0 9.90
1 67.07
2 66.22
3 70.10
4 61.71
5 66.86
6 66.16
7 66.66
8 67.46
9 67.23
10 71.91
11 60.95
12 68.78
13 67.12
14 65.35
15 66.64
16 68.62
17 61.58
18 67.44
19 66.79
20 69.19
21 60.10
22 62.79
23 63.02
24 63.06
25 60.59
26 63.22
27 64.82
28 63.98
29 65.10
30 67.10
31 70.20
32 65.44
33 64.98
34 62.61
35 67.01
36 68.33
37 66.93
38 65.88
39 65.97
40 68.34
41 68.71
42 61.07
43 69.75
44 67.42
45 66.40
46 64.11
47 67.16
48 64.62
49 67.68
50 69.27
51 63.74
52 64.90
53 66.50
54 69.50
55 66.02
56 63.54
57 67.72
58 64.15
59 70.69
60 67.86
61 64.69
62 64.49
63 70.85
64 62.57
65 66.22
66 66.03
67 71.01
68 69.26
69 70.42
70 67.14
71 68.99
72 67.38
73 64.07
74 66.35
75 66.13
76 73.74
77 63.88
78 64.03
79 63.32
80 67.90
81 66.10
82 66.99
83 69.15
84 61.49
85 66.59
86 68.52
87 65.83
88 65.49
89 66.67
90 66.68
91 66.12
92 62.43
93 66.08
94 65.56
95 64.39
96 66.80
97 64.22
98 66.08
99 69.69
100 64.71
101 59.24
102 68.44
103 67.82
104 67.36
105 65.61
106 65.19
107 63.16
108 62.59
109 65.59
110 64.09
111 67.07
112 64.08
113 71.34
114 69.17
115 70.61
116 59.89
117 66.61
118 65.62
119 69.16
120 67.23
121 64.73
122 60.27
123 68.26
124 68.48
125 64.36
126 67.53
127 69.20
128 69.48
129 71.03
130 65.39
131 62.40
132 64.03
