0 10.08
1 90.63
2 94.85
3 93.48
4 84.87
5 90.83
6 94.63
7 92.83
8 95.37
9 97.99
10 88.80
11 99.36
12 86.54
13 88.13
14 94.13
15 93.46
16 85.11
17 91.47
18 86.51
19 103.09
20 89.00
21 95.25
22 90.72
23 98.24
24 89.45
25 92.40
26 98.24
27 100.11
28 86.46
29 93.91
30 90.30
31 98.01
32 91.47
33 85.94
34 93.02
35 96.10
36 89.47
37 89.34
38 84.65
39 86.01
40 99.30
41 87.72
42 102.76
43 84.69
44 92.08
45 97.95
46 87.58
47 95.03
48 90.43
49 82.94
50 94.56
51 93.42
52 89.71
53 93.47
54 89.12
55 93.16
56 91.26
57 95.92
58 95.87
59 92.73
60 88.70
61 99.17
62 86.84
63 96.08
64 81.31
65 89.27
66 99.85
67 91.10
68 96.24
69 102.34
70 95.44
71 88.06
72 90.25
73 93.03
74 98.14
75 105.70
76 89.25
77 97.97
78 94.45
79 94.69
80 81.20
81 90.12
82 95.46
83 89.11
84 91.64
85 97.79
86 87.22
87 92.58
88 88.09
89 89.86
90 90.63
91 96.66
92 88.38
93 93.08
94 89.45
95 90.97
96 80.73
97 86.84
98 108.74
99 86.46
100 86.71
101 89.30
102 91.75
103 98.29
104 86.72
105 85.97
106 84.99
107 88.50
108 92.89
109 88.49
110 91.75
111 92.90
112 92.84
113 95.08
114 88.33
115 92.42
116 99.68
117 91.05
118 104.57
119 88.57
120 85.14
121 91.91
122 96.18
123 93.65
124 90.07
125 99.15
126 92.87
127 99.31
128 93.55
129 87.42
130 96.97
131 86.26
132 96.10
133 95.28
134 85.39
135 93.83
136 93.68
137 92.36
138 92.99
139 90.01
140 85.40
141 83.85
142 94.69
143 86.36
144 89.52
145 97.20
146 90.34
147 85.69
148 93.05
149 85.29
150 94.55
151 96.60
152 100.36
153 96.37
154 84.05
155 91.81
156 92.38
157 89.41
158 94.01
159 92.46
160 88.08
161 97.13
162 94.07
163 99.20
164 81.79
165 92.95
166 86.50
167 94.27
168 97.19
169 94.49
170 95.59
171 78.67
172 89.07
173 91.49
174 95.36
175 91.63
176 92.01
177 86.16
178 89.90
179 91.71
180 92.25
181 86.03
182 79.45
