0 85.50
1 98.38
2 123.00
3 103.56
4 45.00
5 90.25
6 119.71
7 88.17
8 105.33
9 51.67
10 24.00
11 42.40
12 43.67
13 97.75
14 80.50
15 125.33
16 93.67
17 45.33
18 81.67
19 67.88
20 73.38
21 64.88
22 115.75
23 120.75
24 111.20
25 113.67
26 14.67
27 112.00
28 73.10
29 54.75
30 83.00
31 83.67
32 59.89
33 81.67
34 125.20
35 84.40
36 80.22
37 68.60
38 77.50
39 122.80
40 140.00
41 69.67
42 71.11
43 96.83
44 104.33
45 59.17
46 60.00
47 72.00
48 55.57
49 170.00
50 86.70
51 76.00
52 100.67
53 58.00
54 64.50
56 86.00
57 190.50
58 101.50
59 78.40
60 98.50
61 156.29
62 63.33
63 80.00
64 43.17
65 103.71
66 22.75
67 54.00
68 112.43
69 70.25
70 187.38
71 52.56
72 109.75
73 61.25
74 41.00
75 85.80
76 61.33
77 78.89
78 58.57
79 79.50
80 84.15
81 81.14
82 99.25
83 76.86
84 71.62
85 56.33
86 18.00
87 77.00
88 76.40
89 44.50
90 46.00
91 157.50
92 91.00
93 57.50
94 45.00
95 102.50
96 81.50
97 65.25
98 59.50
99 60.29
100 56.57
101 63.27
102 63.57
103 174.00
104 48.00
105 114.00
106 78.60
107 68.00
108 77.33
109 108.17
110 126.14
111 113.67
112 83.50
113 68.60
114 127.22
115 86.67
116 100.83
117 109.43
118 77.50
119 57.71
120 94.00
121 166.00
122 141.17
123 58.38
124 168.25
125 101.33
126 129.67
127 230.00
128 90.88
129 76.00
130 155.33
131 100.75
132 56.25
133 69.50
134 85.00
135 64.67
136 55.00
137 65.60
138 91.50
139 38.40
140 72.78
141 73.43
142 144.83
143 162.43
144 52.20
145 48.83
146 51.38
147 138.33
148 163.88
149 85.00
150 129.80
151 144.71
152 83.60
153 91.80
154 80.00
155 60.00
156 112.83
157 93.17
158 58.89
159 96.00
160 93.83
161 102.90
162 45.50
163 75.00
164 105.71
165 32.50
166 100.00
167 39.75
168 70.50
169 72.20
170 98.44
171 114.20
172 60.62
173 44.60
174 88.00
175 137.50
176 25.83
177 95.20
178 62.30
179 81.57
180 126.33
181 97.11
182 79.00
183 110.50
184 48.67
185 95.40
186 84.33
187 58.40
188 101.33
189 75.43
190 127.50
191 60.50
192 46.40
193 79.00
194 54.33
195 48.60
196 56.00
197 48.62
198 107.00
199 143.50
200 77.80
201 12.00
202 44.67
203 79.50
204 86.30
205 79.67
206 72.67
207 40.22
208 84.78
209 77.20
210 60.00
211 80.71
212 76.12
213 74.50
214 112.14
215 58.10
216 73.17
217 42.00
218 106.14
219 54.29
220 164.20
221 112.00
222 90.43
223 54.44
224 100.29
225 45.00
226 37.67
227 76.80
228 55.80
229 54.00
230 53.50
231 113.86
232 126.33
233 102.50
234 37.20
235 138.50
236 32.20
237 88.00
238 100.14
239 161.67
240 96.25
241 192.67
242 44.14
243 75.00
244 170.00
245 84.00
246 57.50
247 92.60
248 37.11
249 85.77
250 65.57
251 24.00
252 66.40
253 91.57
254 68.00
255 17.00
256 113.75
257 116.17
258 49.00
260 77.33
261 70.33
262 37.25
263 85.18
264 73.09
265 149.00
266 20.00
267 36.67
268 82.86
269 77.00
270 111.00
271 116.60
272 72.62
273 97.57
274 143.50
275 90.36
276 57.89
277 86.25
278 97.67
279 58.50
280 73.89
281 58.00
282 84.50
283 101.75
284 95.25
285 61.00
286 90.40
287 68.00
288 74.44
289 132.14
290 98.60
291 39.00
292 76.25
293 137.20
294 147.60
295 56.83
296 41.50
297 91.20
298 56.60
299 134.00
300 114.20
301 42.00
302 129.67
303 115.11
304 65.25
305 80.75
306 96.25
307 119.25
308 100.75
309 156.00
310 92.33
311 55.29
312 40.29
313 55.40
314 45.33
315 141.00
316 65.00
317 41.00
318 87.00
319 122.71
320 69.00
321 78.25
322 106.71
323 66.69
324 66.50
325 36.00
326 51.29
327 78.67
328 111.60
329 132.43
330 86.25
331 115.17
332 61.00
333 71.50
334 158.67
335 151.67
336 126.00
337 116.50
338 129.71
339 130.80
340 108.29
341 70.62
342 99.12
343 186.14
344 93.50
345 82.50
346 86.33
347 40.83
348 59.75
349 143.67
350 77.22
351 97.00
352 56.86
353 43.00
354 69.89
355 94.00
356 87.25
357 70.67
358 93.71
359 73.00
360 63.00
361 147.60
362 89.71
363 78.60
364 78.00
365 36.80
366 78.33
367 109.40
368 83.00
369 62.75
370 137.75
371 140.20
372 65.14
373 52.00
374 179.80
375 77.79
376 76.67
377 148.67
378 51.00
379 150.50
380 59.60
381 81.00
382 62.12
383 94.00
384 90.40
385 57.00
386 47.00
387 138.27
388 81.20
389 103.88
390 77.62
391 63.22
392 166.50
393 53.22
394 130.20
395 92.00
396 106.33
397 57.00
398 39.00
399 82.82
400 114.00
401 24.00
402 57.25
403 118.38
404 73.00
405 39.50
406 23.00
407 46.60
408 62.33
409 111.80
410 43.57
411 38.57
412 114.60
413 73.71
414 103.00
415 63.43
416 115.60
417 60.00
418 82.67
419 154.50
420 91.38
421 112.86
422 70.00
423 130.75
424 29.00
425 126.12
426 38.17
427 127.80
428 69.00
429 123.67
430 27.00
431 39.75
432 31.83
433 130.11
434 41.33
435 68.00
436 72.75
437 57.00
438 66.62
439 67.86
440 60.14
441 57.60
442 73.75
443 120.57
444 81.40
445 62.33
446 102.67
447 55.80
448 78.00
449 63.71
450 118.86
451 73.25
452 86.78
453 56.00
454 91.25
455 47.00
456 64.00
457 56.83
458 53.86
459 122.25
460 77.33
461 120.00
462 57.29
463 146.50
464 65.14
465 79.00
466 109.71
467 116.33
468 22.33
469 107.43
470 77.50
471 47.22
472 17.67
473 86.50
474 81.50
475 75.78
476 91.33
477 140.00
478 94.50
479 38.67
480 106.56
481 53.00
482 102.50
483 111.67
484 151.50
485 50.62
486 80.40
487 51.67
488 56.17
489 93.40
490 110.33
491 69.33
492 156.50
493 87.25
494 83.67
495 80.50
496 120.00
497 84.25
498 54.00
499 45.00
500 50.00
501 39.33
502 95.67
503 69.50
504 88.40
505 64.11
506 28.33
507 39.33
508 76.67
509 46.67
510 95.40
511 89.17
512 124.11
513 85.88
514 57.50
515 62.25
516 56.78
517 91.33
519 37.20
520 94.12
521 101.00
522 29.80
523 147.57
524 51.14
525 66.50
526 173.67
527 66.67
528 84.00
529 88.00
530 70.67
531 92.33
532 144.25
533 164.50
534 114.29
535 83.83
536 22.67
537 103.00
538 63.00
539 124.75
540 114.60
541 71.60
542 59.50
543 195.00
544 125.86
545 90.33
546 93.75
547 103.60
548 27.33
549 116.25
550 140.60
551 43.50
552 71.00
553 153.00
554 92.00
555 117.75
556 90.83
557 68.12
558 66.33
559 40.25
560 164.00
561 57.00
562 75.75
563 98.00
564 99.29
565 68.00
566 78.40
567 129.88
568 69.29
569 78.00
570 55.14
571 118.00
572 88.40
573 82.22
574 99.75
575 38.80
576 63.00
577 81.18
578 129.33
579 40.80
580 85.57
581 139.00
582 56.40
583 71.50
584 25.00
585 155.60
586 57.00
587 29.60
588 71.60
589 97.78
590 54.00
591 129.15
592 129.00
593 54.57
594 87.57
595 103.86
596 65.40
597 50.20
598 153.75
599 52.67
600 54.25
601 88.57
602 35.00
603 89.60
604 92.00
605 119.00
606 38.00
607 76.60
608 93.00
609 60.71
610 49.80
611 38.00
612 84.60
613 96.00
614 49.67
615 64.00
616 95.67
617 65.00
618 44.20
619 112.50
620 74.33
621 43.00
622 105.14
623 43.00
624 50.60
625 83.50
626 60.64
627 47.50
628 88.00
629 93.33
630 65.00
631 64.75
632 67.17
633 67.33
634 81.43
635 44.25
636 83.50
637 272.50
638 98.38
639 90.00
640 80.33
641 39.25
642 81.83
643 107.25
644 95.40
645 127.50
646 96.80
647 76.33
648 49.00
649 130.43
650 44.00
651 82.67
652 111.50
653 65.67
654 70.00
655 214.33
656 42.50
657 102.00
658 82.33
659 36.20
660 64.46
661 119.50
662 51.75
663 77.57
664 78.45
665 38.00
666 84.78
667 58.00
668 19.50
669 55.60
670 127.43
671 70.57
672 49.67
673 120.67
674 122.57
675 77.25
676 54.88
677 92.12
678 71.33
679 99.00
680 114.50
681 112.00
682 71.56
683 10.00
684 78.75
685 125.33
686 83.14
687 141.71
688 74.43
689 64.43
690 95.75
691 105.29
692 54.33
693 53.50
694 104.00
695 7.00
696 64.80
697 61.25
698 25.71
699 92.86
700 127.33
701 87.50
702 37.80
703 65.00
704 70.00
705 53.17
706 46.20
707 116.67
708 103.50
709 60.86
710 43.67
711 177.67
712 222.67
713 29.25
714 44.29
715 47.11
716 55.25
717 72.88
718 141.14
719 94.12
720 86.50
721 53.33
722 47.50
723 131.57
724 117.50
725 89.50
726 43.67
727 42.14
728 76.00
729 75.55
730 111.33
731 59.75
732 84.80
733 131.43
734 67.25
736 91.00
737 123.00
738 147.00
739 186.80
740 100.57
741 10.00
742 72.57
743 94.44
744 66.00
745 62.20
746 97.60
747 81.67
748 105.33
749 37.50
750 76.44
751 88.82
752 28.17
753 86.56
754 147.00
755 73.43
756 94.71
757 66.33
758 89.30
759 91.73
760 114.14
761 57.29
762 57.00
763 210.00
764 39.83
765 63.33
766 86.25
767 188.00
768 82.50
769 133.50
770 67.00
771 66.75
772 60.00
773 62.60
774 71.00
775 76.00
776 73.67
777 53.80
778 65.60
779 73.33
780 70.86
781 204.20
782 79.33
783 21.00
784 93.75
785 38.50
786 67.25
787 98.56
788 57.33
789 91.00
790 46.11
791 49.78
792 54.20
793 124.33
794 99.43
795 88.20
796 100.43
797 98.80
798 31.33
799 22.00
800 111.67
801 25.33
802 86.25
803 73.67
804 68.17
805 104.10
806 38.00
807 113.00
808 90.38
809 57.17
810 68.75
811 116.67
812 66.88
813 71.44
814 42.00
815 100.40
816 94.43
817 81.29
818 99.33
819 166.00
820 68.00
821 71.29
822 110.50
823 80.60
824 98.44
825 82.29
826 132.25
827 124.20
828 193.67
829 138.57
830 64.43
831 114.00
832 54.20
833 41.80
834 108.20
835 64.00
836 26.20
837 101.67
838 218.00
839 46.80
840 51.00
841 124.67
842 73.40
843 86.43
844 65.83
845 107.00
846 83.25
847 120.50
848 73.11
849 74.33
850 76.50
851 98.00
852 83.00
853 53.12
854 58.50
855 48.00
856 131.67
857 64.60
858 107.00
859 95.25
860 129.90
861 74.00
862 82.00
863 53.17
864 107.50
865 80.78
866 130.33
867 63.60
868 53.29
869 74.14
870 95.33
871 68.38
872 72.00
873 36.33
874 134.78
875 123.43
876 96.67
877 91.71
878 62.14
879 40.38
880 73.80
881 39.75
882 65.20
883 95.83
884 67.80
885 105.57
886 123.33
887 96.33
888 116.80
889 120.29
890 65.83
891 73.00
892 73.44
893 68.67
894 58.31
895 111.20
896 44.25
897 43.70
898 84.50
899 45.00
900 61.00
901 76.33
902 102.00
903 47.67
904 107.33
905 57.20
906 25.00
907 55.67
908 48.00
909 106.29
910 132.62
911 110.71
912 57.00
913 87.86
914 72.88
915 77.33
916 65.00
917 90.50
918 68.50
919 129.50
920 66.25
921 103.17
922 67.70
923 65.00
924 103.50
925 92.40
926 104.60
927 113.57
928 39.75
929 77.00
930 71.78
931 85.57
932 72.50
933 110.00
934 105.75
935 66.00
936 164.00
937 134.00
938 133.29
939 66.00
940 121.78
941 76.17
942 167.00
943 168.50
944 51.29
945 119.40
946 78.80
947 48.80
948 80.00
949 86.50
950 58.83
951 48.44
952 196.20
953 41.14
954 67.20
955 105.30
956 92.20
957 53.00
958 90.56
959 116.80
960 23.67
961 112.00
962 83.86
963 50.38
964 104.88
965 46.71
966 218.50
967 111.33
968 64.42
969 50.75
970 83.86
971 43.00
972 49.80
973 84.38
974 65.40
975 66.33
976 84.12
977 81.43
978 93.43
979 56.17
980 81.57
981 30.50
982 82.33
983 69.44
984 81.44
985 65.75
986 198.00
987 75.86
988 80.90
989 71.62
990 47.00
991 32.80
992 32.57
993 105.60
994 72.67
995 36.60
996 11.67
997 91.88
998 70.71
999 100.20
1000 61.33
1001 56.50
1002 55.25
1003 136.29
1004 147.50
1005 113.75
1006 39.50
1007 45.90
1008 94.22
1009 53.00
1010 42.40
1011 102.00
1012 30.25
1013 53.50
1014 125.25
1015 151.75
1016 87.25
1017 103.00
1018 90.00
1019 54.20
1020 55.67
1021 192.80
1022 64.00
1023 51.00
1024 37.00
1025 112.78
1026 69.75
1027 132.75
1028 36.67
1029 65.75
1030 74.82
1031 89.27
1032 93.00
1033 106.86
1034 67.00
1035 102.40
1036 47.50
1037 87.67
1038 4.50
1039 85.25
1040 80.00
1041 159.33
1042 104.88
1043 78.00
1044 71.50
1045 216.00
1046 97.38
1047 53.33
1048 76.50
1049 60.14
1050 241.33
1051 72.83
1052 69.25
1053 93.00
1055 55.33
1056 50.86
1057 114.00
1058 83.75
1059 86.30
1060 139.00
1061 73.75
1062 90.50
1063 133.75
1064 129.00
1065 114.00
1066 54.71
1067 84.50
1068 79.27
1069 116.88
1070 44.00
1071 61.71
1072 148.50
1073 89.56
1074 121.00
1075 122.50
1076 120.33
1077 91.62
1078 5.50
1079 42.20
1080 48.08
1081 57.33
1082 108.33
1083 79.12
1084 126.33
1085 66.80
1086 114.50
1087 37.25
1088 83.86
1089 94.00
1090 107.17
1091 103.40
1092 72.10
1093 72.43
1094 118.00
1095 130.00
1096 49.17
1097 79.00
1098 21.80
1099 95.75
1100 118.88
1101 65.20
1102 81.88
1103 103.67
1104 119.40
1105 96.17
1106 49.14
1107 35.43
1108 136.40
1109 72.17
1110 95.33
1111 61.12
1112 32.29
1113 108.17
1114 106.25
1115 44.00
1116 126.00
1117 49.60
1118 95.11
1119 82.00
1120 108.00
1121 77.80
1122 101.70
1123 119.11
1124 82.86
1125 108.40
1126 54.40
1127 77.71
1128 109.00
1129 85.33
1130 64.38
1131 89.80
1132 194.67
1133 16.00
1134 39.00
1135 70.29
1136 80.40
1137 66.89
1138 72.50
1139 28.40
1140 119.00
1141 80.40
1142 90.83
1143 57.50
1144 88.00
1145 92.50
1146 77.33
1147 79.78
1148 86.25
1149 53.12
1150 99.50
1151 57.78
1152 194.67
1153 57.22
1154 76.75
1155 140.00
1156 117.00
1157 53.67
1158 61.00
1159 98.40
1160 122.75
1161 124.33
1162 63.11
1163 84.14
1164 57.50
1165 90.75
1166 84.00
1167 21.00
1168 91.00
1169 69.40
1170 69.67
1171 143.00
1172 78.25
1173 99.56
1174 99.33
1175 46.29
1176 71.00
1177 135.64
1178 30.00
1179 73.29
1180 37.50
1181 64.43
1182 98.33
1183 279.00
1184 75.67
1185 72.31
1186 109.20
1187 12.50
1188 39.50
1189 81.88
1190 84.67
1191 76.45
1192 48.80
1193 125.75
1194 58.60
1195 132.00
1196 60.56
1197 59.00
1198 37.20
1199 72.62
1200 46.25
1201 90.20
1202 94.33
1203 67.12
1204 72.17
1205 126.25
1206 93.00
1207 141.25
1208 130.67
1209 75.00
1210 76.50
1211 75.33
1212 81.67
1213 88.33
1214 33.57
1215 74.71
1216 98.40
1217 97.00
1218 121.80
1219 100.50
1220 31.83
1221 167.75
1222 88.60
1223 58.89
1224 89.00
1225 172.50
1226 62.14
1227 80.33
1228 40.75
1229 33.00
1230 66.33
1231 113.50
1232 91.25
1233 61.20
1234 196.50
1235 84.22
1236 63.00
1237 181.40
1238 152.80
1239 57.80
1240 85.90
1241 76.00
1242 92.60
1243 66.75
1244 76.50
1245 41.00
1246 43.00
1247 97.62
1248 102.71
1249 99.71
1250 132.80
1251 38.12
1252 139.83
1253 91.00
1254 42.00
1255 125.33
1256 52.25
1257 81.83
1258 111.67
1259 95.33
1260 56.25
1261 74.70
1262 51.00
1263 70.33
1264 141.20
1265 42.75
1266 160.00
1267 180.40
1268 59.00
1269 79.00
1270 115.67
1271 75.33
1272 44.00
1273 110.80
1274 42.75
1275 271.00
1276 41.67
1277 57.30
1278 59.25
1279 87.83
1280 72.00
1281 77.00
1282 37.14
1283 57.60
1284 71.00
1285 135.80
1286 79.60
1287 97.71
1288 96.67
1289 155.00
1290 58.86
1291 52.50
1292 92.11
1293 98.40
1294 75.25
1295 79.00
1296 44.33
1297 95.09
1298 60.40
1299 33.14
1300 181.25
1301 55.00
1302 131.67
1303 97.22
1304 52.40
1305 105.71
1306 67.86
1307 46.60
1308 100.00
1309 95.45
1310 97.00
1311 49.50
1312 129.00
1313 66.70
1314 74.60
1315 182.50
1316 95.43
1317 99.33
1318 42.00
1319 145.75
1320 86.38
1321 25.00
1322 79.88
1323 116.00
1324 137.43
1325 67.62
1326 128.67
1327 130.33
1328 65.50
1329 134.86
1330 49.56
1331 68.86
1332 84.50
1333 66.57
1334 68.67
1335 38.00
1336 59.00
1337 25.33
1338 84.57
1339 64.25
1340 33.00
1341 52.60
1342 37.33
1343 41.00
1344 113.80
1345 102.00
1346 64.25
1347 118.00
1348 234.67
1349 49.00
1350 55.60
1351 156.17
1352 55.56
1353 69.00
1354 57.17
1355 82.00
1356 80.00
1357 73.33
1358 67.50
1359 47.33
1360 150.25
1361 82.00
1362 28.25
1363 157.50
1364 67.67
1365 5.50
1366 108.25
1367 88.50
1368 80.00
1369 107.86
1370 63.17
1371 62.60
1372 80.00
1373 110.71
1374 125.33
1375 28.00
1376 64.00
1377 102.67
1378 166.57
1379 104.33
1380 115.33
1381 82.50
1382 74.29
1383 69.86
1384 83.00
1385 154.50
1386 68.36
1387 56.00
1388 104.00
1389 44.60
1390 80.30
1391 92.75
1392 91.20
1393 89.40
1394 46.71
1395 122.33
1396 97.00
1397 59.00
1398 66.00
1399 124.25
1400 64.50
1401 92.83
1402 79.50
1403 60.71
1404 89.75
1405 84.80
1406 58.00
1407 53.20
1408 123.00
1409 37.25
1410 69.43
1411 72.60
1412 62.00
1413 90.33
1414 101.40
1415 48.38
1416 74.85
1417 96.00
1418 122.57
1419 107.29
1420 73.10
1421 35.50
1422 84.50
1423 97.80
1424 119.86
1425 95.20
1426 113.50
1427 71.60
1428 44.75
1429 27.17
1430 65.67
1431 48.83
1432 120.00
1433 79.00
1434 63.33
1435 48.50
1436 65.75
1437 71.50
1438 146.60
1439 62.00
1440 94.67
1441 47.00
1442 63.00
1443 80.00
1444 116.12
1445 71.25
1446 58.50
1447 88.40
1448 66.25
1449 70.29
1450 72.29
1451 73.50
1452 74.60
1453 95.20
1454 127.00
1455 78.75
1456 103.25
1457 51.56
1458 80.33
1459 110.00
1460 150.00
1461 53.09
1462 100.89
1463 41.62
1464 55.40
1465 86.17
1466 66.86
1467 107.80
1468 43.80
1469 21.33
1470 100.45
1471 161.00
1472 116.80
1473 118.60
1474 127.00
1475 85.83
1476 77.78
1477 55.20
1478 69.00
1479 59.14
1480 101.25
1481 18.50
1482 82.00
1483 125.40
1484 35.25
1485 96.00
1486 145.00
1487 62.67
1488 35.45
1489 47.43
1490 75.40
1491 72.25
1492 158.60
1493 71.14
1494 77.00
1495 90.67
1496 44.25
1497 76.14
1498 65.00
1499 25.00
1500 69.71
1501 100.71
1502 45.33
1503 125.50
1504 92.62
1505 56.50
1506 111.40
1507 161.50
1508 72.25
1509 37.22
1510 74.22
1511 108.00
1512 50.50
1513 106.12
1514 133.50
1515 45.00
1516 121.00
1517 30.60
1518 83.80
1519 54.89
1521 103.38
1522 66.00
1523 46.50
1524 68.90
1525 65.50
1526 90.00
1527 73.00
1528 134.50
1529 60.43
1530 87.82
1531 92.00
1532 69.67
1533 63.75
1534 176.00
1535 62.17
1536 84.12
1537 144.33
1538 77.50
1539 129.00
1540 80.10
1541 99.00
1542 44.00
1543 93.86
1544 85.38
1545 72.00
1546 88.82
1547 59.00
1548 101.67
1549 98.15
1550 135.00
1551 83.67
1552 44.71
1553 66.50
1554 88.75
1555 47.25
1556 84.83
1557 120.86
1558 48.83
1559 44.50
1560 103.00
1561 46.29
1562 100.00
1563 59.57
1564 109.67
1565 115.86
1566 110.00
1567 97.33
1568 61.11
1569 151.20
1570 117.33
1571 118.00
1572 28.50
1573 117.57
1574 83.80
1575 75.86
1576 87.00
1577 100.67
1578 45.38
1579 54.43
1580 58.57
1581 90.75
1582 85.86
1583 56.17
1584 54.67
1585 126.14
1586 10.50
1587 96.17
1588 122.40
1589 64.40
1590 51.14
1591 57.80
1592 82.38
1593 99.80
1594 127.00
1595 85.67
1596 51.67
1597 68.00
1598 74.43
1599 111.50
1600 77.00
1601 97.17
1602 13.20
1603 159.50
1604 76.00
1605 39.40
1606 81.25
1607 76.00
1608 62.00
1609 59.12
1610 45.38
1611 106.33
1612 86.14
1613 49.00
1614 82.00
1615 67.83
1616 55.50
1617 58.60
1618 75.00
1619 120.88
1620 18.25
1621 109.67
1622 98.00
1623 47.00
1624 163.17
1625 56.12
1626 65.00
1627 170.80
1628 49.25
1629 67.44
1630 68.80
1631 110.40
1632 93.56
1633 102.00
1634 67.40
1635 79.83
1636 135.00
1637 56.40
1638 156.60
1639 155.40
1640 113.80
1641 75.40
1642 137.33
1643 47.50
1644 95.40
1645 142.80
1646 68.50
1647 61.00
1648 75.50
1649 52.75
1650 109.50
1651 133.11
1652 35.00
1653 110.12
1654 29.60
1655 40.00
1656 39.33
1657 172.83
1658 69.43
1659 110.88
1660 112.50
1661 99.43
1662 59.80
1663 106.40
1664 21.50
1665 64.83
1666 48.17
1667 104.57
1668 81.33
1669 82.20
1670 60.75
1671 54.20
1672 139.00
1673 52.71
1674 98.40
1675 41.80
1676 59.67
1677 82.00
1678 35.50
1679 91.50
1680 92.00
1681 106.00
1682 74.00
1684 122.67
1685 109.00
1686 76.00
1687 85.33
1688 49.17
1689 103.00
1690 87.50
1691 88.00
1692 85.50
1693 86.67
1694 159.00
1695 93.14
1696 81.00
1697 84.00
1698 38.00
1699 99.33
1700 84.67
1701 91.75
1702 88.60
1703 118.75
1704 96.75
1705 203.50
1706 40.40
1707 22.33
1708 178.00
1709 66.80
1710 110.44
1711 112.38
1712 93.00
1713 91.62
1714 123.60
1715 143.00
1716 25.83
1717 98.67
1718 40.33
1719 49.75
1720 177.00
1721 43.20
1722 66.80
1723 99.67
1724 85.75
1725 120.25
1726 148.58
1727 53.17
1728 106.40
1729 155.14
1730 56.00
1731 90.00
1732 130.17
1733 89.71
1734 22.17
1735 48.75
1736 56.67
1737 113.50
1738 41.83
1739 55.62
1740 83.57
1741 138.50
1742 50.50
1743 73.29
1744 81.50
1745 75.67
1746 16.25
1747 171.67
1748 89.92
1749 65.25
1750 108.80
1751 80.20
1752 75.60
1753 93.67
1754 61.20
1755 163.00
1756 72.12
1757 35.33
1758 96.25
1759 91.67
1760 131.00
1761 78.40
1762 90.00
1763 47.00
1764 40.25
1765 128.29
1766 65.00
1767 91.62
1768 139.60
1769 69.50
1770 72.00
1771 120.00
1772 85.00
1773 89.40
1774 156.00
1775 76.88
1776 102.00
1777 22.00
1778 84.50
1779 26.33
1780 23.00
1781 110.00
1782 180.67
1783 129.60
1784 124.17
1785 35.00
1786 55.00
1787 61.33
1788 38.89
1789 144.00
1790 67.90
1791 38.60
1792 41.60
1793 21.00
1794 95.17
1795 80.33
1796 73.29
1797 44.50
1798 113.00
1799 49.60
1800 45.50
1801 78.50
1802 117.29
1803 103.20
1804 119.70
1805 34.50
1806 78.67
1807 65.86
1808 54.71
1809 93.71
1810 74.50
1811 124.25
1812 73.60
1813 110.50
1814 159.00
1815 57.20
1816 92.43
1817 41.40
1818 114.80
1819 88.14
1820 24.25
1821 100.44
1822 102.67
1823 64.00
1824 108.80
1825 60.25
1826 87.22
1827 150.00
1828 87.71
1829 73.20
1830 71.00
1831 93.18
1832 105.00
1833 103.88
1834 56.50
1835 51.00
1836 100.00
1837 114.20
1838 118.80
1839 56.10
1840 56.83
1841 20.50
1842 79.67
1843 129.43
1844 72.33
1845 90.00
1846 96.22
1847 46.00
1848 44.00
1849 91.00
1850 76.89
1851 129.29
1852 25.50
1853 64.00
1854 76.86
1855 84.20
1856 77.75
1857 52.12
1858 29.33
1859 154.00
1860 43.83
1861 111.43
1862 95.00
1863 74.00
1864 143.14
1865 47.71
1866 68.20
1867 382.00
1868 83.78
1869 66.40
1870 135.80
1871 54.83
1872 90.29
1873 144.00
1874 46.50
1875 31.00
1876 179.00
1877 71.83
1878 46.33
1879 79.00
1880 29.00
1881 131.00
1882 74.29
1883 54.71
1884 81.00
1885 75.00
1886 92.40
1887 60.80
1888 19.50
1889 33.00
1890 62.20
1891 80.25
1892 107.33
1893 140.22
1894 101.60
1895 90.44
1896 72.11
1897 70.57
1898 77.33
1899 58.00
1900 152.50
1901 81.33
1902 79.60
1903 56.60
1904 100.00
1905 123.60
1906 74.33
1907 52.33
1908 33.67
1909 114.00
1910 57.00
1911 124.00
1912 33.75
1913 69.83
1914 137.75
1915 164.83
1916 44.60
1917 97.20
1918 114.20
1919 53.00
1920 108.67
1921 145.78
1922 58.50
1923 48.75
1924 72.00
1925 54.33
1926 51.00
1927 77.92
1928 90.75
1929 15.33
1930 54.00
1931 69.14
1932 64.60
1933 26.33
1934 115.36
1935 74.38
1936 337.00
1937 116.67
1938 78.75
1939 116.60
1940 99.50
1941 79.80
1942 55.50
1943 54.67
1944 54.40
1945 94.22
1946 70.43
1947 97.56
1948 38.50
1949 89.25
1950 83.75
1951 42.40
1952 77.33
1953 26.80
1954 128.00
1955 28.29
1956 59.33
1957 31.80
1958 78.50
1959 56.20
1960 113.33
1961 44.20
1962 89.60
1963 79.62
1964 41.50
1965 109.44
1966 77.78
1967 118.60
1968 97.00
1969 72.00
1970 67.25
1971 102.40
1972 71.57
1973 105.83
1974 95.50
1975 99.17
1976 41.67
1977 26.67
1978 77.25
1979 109.67
1980 88.20
1981 49.00
1982 89.60
1983 116.33
1984 110.88
1985 95.80
1986 84.40
1987 98.29
1988 58.00
1989 94.67
1990 186.60
1991 87.50
1992 42.00
1993 43.50
1994 15.75
1995 36.75
1996 76.17
1997 72.43
1998 73.20
1999 81.45
2000 49.75
2001 45.80
2002 74.25
2003 100.44
2004 79.17
2005 136.60
2006 84.17
2007 102.00
2008 67.00
2009 46.25
2010 238.33
2011 68.18
2012 98.50
2013 44.80
2014 16.00
2015 60.00
2016 87.00
2017 38.00
2018 85.75
2019 79.29
2020 131.20
2021 21.20
2022 91.60
2023 95.33
2024 74.57
2025 116.67
2026 60.00
2027 105.14
2028 61.00
2029 157.00
2030 95.67
2031 87.80
2032 55.78
2033 52.25
2034 75.60
2035 147.80
2036 45.00
2037 94.00
2038 67.57
2039 37.60
2040 65.00
2041 126.75
2042 92.86
2043 31.83
2044 64.12
2045 103.25
2046 81.25
2047 91.17
2048 74.33
2049 99.56
2050 120.83
2051 85.33
2052 67.60
2053 151.75
2054 71.80
2055 64.25
2056 57.50
2057 63.85
2058 119.50
2059 172.67
2060 103.14
2061 91.00
2062 89.60
2063 123.67
2064 106.62
2065 95.14
2066 102.64
2067 71.73
2068 78.25
2069 30.86
2070 70.40
2071 58.00
2072 103.00
2073 104.00
2074 143.88
2075 76.38
2076 60.67
2077 155.00
2078 51.50
2079 109.33
2080 105.67
2081 61.88
2082 102.20
2083 146.14
2084 99.50
2085 55.00
2086 77.20
2087 30.00
2088 65.50
2089 48.00
2090 45.67
2091 51.33
2092 108.11
2093 161.25
2094 90.00
2095 52.17
2096 110.40
2097 96.15
2098 99.00
2099 54.00
2100 59.38
2101 97.00
2102 98.00
2103 110.60
2104 136.67
2105 52.67
2106 58.50
2107 26.00
2108 64.57
2109 206.67
2110 57.17
2111 44.75
2112 65.57
2113 100.50
2114 84.75
2115 45.57
2116 79.00
2117 39.29
2118 71.00
2119 65.56
2120 62.67
2121 104.60
2122 71.60
2123 87.00
2124 75.75
2125 77.83
2126 90.33
2127 81.80
2128 8.00
2129 77.60
2130 117.25
2131 90.33
2132 102.25
2133 121.40
2134 67.25
2135 71.50
2136 166.50
2137 127.44
2138 82.50
2139 74.43
2140 72.50
2141 130.40
2142 78.00
2143 77.25
2144 65.38
2145 51.38
2146 137.00
2147 68.60
2148 75.40
2149 160.00
2150 54.25
2151 58.67
2152 128.88
2153 37.33
2154 111.57
2155 60.11
2156 83.00
2157 138.83
2158 74.33
2159 85.78
2160 45.00
2161 58.14
2162 74.50
2163 53.40
2164 47.40
2165 37.33
2166 170.00
2167 42.00
2168 51.50
2169 98.33
2170 138.78
2171 85.00
2172 64.00
2173 72.67
2174 108.80
2175 89.10
2176 89.20
2177 55.33
2178 58.43
2179 117.00
2180 110.33
2181 90.89
2182 60.00
2183 49.27
2184 105.12
2185 123.14
2186 58.50
2187 109.57
2188 127.12
2189 76.18
2190 87.67
2191 107.33
2192 56.67
2193 101.00
2194 136.71
2195 91.00
2196 126.00
2197 171.67
2198 34.20
2199 81.00
2200 66.17
2201 72.75
2202 54.40
2203 45.00
2204 86.80
2205 67.57
2206 138.50
2207 58.33
2208 37.71
2209 68.17
2210 37.60
2211 114.67
2212 165.00
2213 141.25
2214 15.25
2215 107.60
2216 91.43
2217 101.75
2218 68.00
2219 34.33
2220 73.75
2221 145.00
2222 36.50
2223 27.40
2224 16.00
2225 19.75
2226 59.33
2227 79.00
2228 41.83
2229 151.33
2230 157.75
2231 43.50
2232 165.50
2233 118.71
2234 96.67
2235 57.75
2236 134.75
2237 84.20
2238 114.50
2239 43.50
2240 50.29
2241 37.00
2242 140.67
2243 35.38
2244 143.86
2245 53.25
2246 58.50
2247 106.50
2248 46.56
2249 53.33
2250 46.00
2251 120.00
2252 50.50
2253 65.67
2254 50.00
2255 94.91
2256 132.20
2257 70.80
2258 38.17
2259 63.20
2260 126.88
2261 50.33
2262 107.17
2263 92.33
2264 84.50
2265 89.62
2266 134.67
2267 83.80
2268 10.50
2269 89.25
2270 74.71
2271 101.60
2272 104.00
2273 82.29
2274 55.33
2275 108.67
2276 47.60
2277 70.57
2278 117.14
2279 87.20
2280 129.80
2281 81.38
2282 76.00
2283 116.75
2284 68.00
2285 77.83
2286 137.33
2287 34.00
2288 72.57
2289 79.67
2290 120.17
2291 67.00
2292 141.25
2293 129.44
2294 98.64
2295 107.80
2296 158.86
2297 54.00
2298 4.00
2299 110.14
2300 73.40
2301 106.14
2302 79.33
2303 84.50
2304 84.20
2305 172.20
2306 74.00
2307 82.00
2308 95.60
2309 70.83
2310 88.43
2311 73.25
2312 20.75
2313 86.17
2314 51.33
2315 40.78
2316 143.00
2317 60.00
2318 88.12
2319 66.29
2320 73.12
2321 105.00
2322 85.00
2323 34.00
2324 94.75
2325 105.50
2326 128.60
2327 75.70
2328 62.71
2329 34.20
2330 41.00
2331 48.50
2332 95.67
2333 124.33
2334 73.00
2335 91.90
2336 72.14
2337 91.33
2338 119.17
2339 100.67
2340 104.33
2341 75.71
2342 50.00
2343 83.44
2344 65.50
2345 33.33
2346 72.50
2347 78.33
2348 61.20
2349 101.50
2350 88.70
2351 94.67
2352 102.67
2353 106.67
2354 58.50
2355 112.33
2356 92.75
2357 90.83
2358 88.20
2359 121.00
2360 178.00
2361 118.00
2362 143.71
2363 70.00
2364 71.00
2365 113.12
2366 11.00
2367 118.00
2368 55.17
2369 71.00
2370 87.78
2371 136.86
2372 13.00
2373 87.75
2374 110.25
2375 115.71
2376 65.12
2377 30.33
2378 93.60
2379 91.22
2380 88.60
2381 48.57
2382 71.67
2383 114.20
2384 22.56
2385 95.50
2386 143.00
2387 63.33
2388 85.50
2389 105.00
2390 84.83
2391 83.62
2392 73.50
2393 114.00
2394 60.25
2395 96.38
2396 30.33
2397 156.33
2398 67.44
2399 57.17
2400 24.50
2401 66.82
2402 73.40
2403 124.67
2404 113.33
2405 82.67
2406 63.86
2407 53.60
2408 112.50
2409 29.00
2410 115.80
2411 47.00
2412 88.67
2413 96.00
2414 64.25
2415 131.56
2416 139.40
2417 98.17
2418 116.88
2419 133.43
2420 105.50
2421 41.67
2422 87.38
2423 85.33
2424 113.22
2425 17.00
2426 52.00
2427 108.08
2428 195.83
2429 62.29
2430 87.50
2431 74.50
2432 76.43
2433 93.11
2434 108.20
2435 46.57
2436 85.14
2437 82.00
2439 119.33
2440 148.25
2441 52.14
2442 78.18
2443 114.00
2444 78.40
2445 102.90
2446 100.10
2447 132.17
2448 119.25
2449 118.27
2450 76.50
2451 33.25
2452 64.00
2453 101.00
2454 146.50
2455 93.62
2456 56.33
2457 85.20
2458 82.25
2459 41.00
2460 105.33
2461 63.83
2462 27.67
2463 72.57
2464 98.40
2465 65.44
2466 88.75
2467 110.71
2468 55.20
2469 92.60
2470 88.00
2471 99.25
2472 80.33
2473 58.50
2474 115.14
2475 99.33
2476 84.12
2477 89.00
2478 72.00
2479 107.20
2480 44.00
2481 63.00
2482 54.00
2483 57.62
2484 86.33
2485 118.40
2486 68.75
2487 117.00
2488 51.20
2489 47.89
2490 104.50
2491 69.00
2492 67.17
2493 114.86
2494 227.00
2495 80.50
2496 108.43
2497 66.33
2498 62.50
2499 125.67
2500 61.67
2501 72.50
2502 142.60
2503 102.00
2504 62.33
2505 51.33
2506 22.71
2507 39.67
2508 67.43
2509 95.00
2510 62.67
2511 87.83
2512 106.00
2513 102.43
2514 119.89
2515 92.00
2516 88.33
2517 26.83
2518 43.75
2519 79.00
2520 149.00
2521 126.89
2522 75.17
2523 87.67
2524 126.25
2525 64.25
2526 119.00
2527 137.57
2528 29.80
2529 91.00
2530 140.33
2531 108.00
2532 46.00
2533 82.00
2534 82.80
2535 86.57
2536 81.22
2537 35.00
2538 52.14
2539 75.67
2540 68.25
2541 59.00
2542 48.14
2543 47.00
2544 43.75
2545 156.40
2546 43.90
2547 97.67
2548 111.57
2549 22.50
2550 30.50
2551 71.00
2552 18.50
2553 101.50
2554 107.57
2555 65.55
2556 99.71
2557 74.14
2558 26.00
2559 99.50
2560 36.00
2561 62.20
2562 74.12
2563 104.75
2564 90.25
2565 41.75
2566 84.75
2567 55.00
2568 243.50
2569 108.80
2570 51.25
2571 86.67
2572 6.00
2573 131.71
2574 181.00
2575 103.00
2576 67.00
2577 127.33
2578 30.33
2579 63.00
2580 38.33
2581 54.14
2582 108.00
2583 110.33
2584 148.60
2585 141.50
2586 105.67
2587 41.50
2588 108.00
2589 116.18
2590 126.67
2591 28.20
2592 78.71
2593 101.25
2594 51.20
2595 120.20
2596 111.89
2597 93.44
2598 63.50
2599 155.40
2600 86.29
2601 75.33
2602 212.67
2603 84.00
2604 44.67
2605 47.00
2606 78.86
2607 78.67
2608 84.00
2609 98.25
2610 112.40
2611 149.75
2612 67.38
2613 86.17
2614 29.20
2615 74.71
2616 92.00
2617 66.40
2618 66.20
2619 95.83
2620 14.00
2621 142.83
2622 70.91
2623 71.14
2624 79.75
2625 44.50
2626 130.40
2627 93.50
2628 62.25
2629 79.25
2630 103.00
2631 62.80
2632 129.50
2633 98.80
2634 79.80
2635 98.00
2636 49.33
2637 132.67
2638 111.00
2639 108.86
2640 45.67
2641 82.50
2642 138.00
2643 65.44
2644 114.43
2645 71.60
2646 52.00
2647 35.00
2648 75.83
2649 90.57
2650 130.67
2651 138.00
2652 64.00
2653 76.57
2654 101.50
2655 49.67
2656 77.67
2657 14.83
2658 37.00
2659 112.40
2660 85.00
2661 78.00
2662 159.62
2663 63.80
2664 39.75
2665 64.17
2666 124.25
2667 121.40
2668 79.12
2669 34.67
2670 84.25
2671 67.50
2672 64.00
2673 45.14
2674 52.50
2675 62.40
2676 70.00
2677 63.17
2678 121.25
2679 71.25
2680 120.50
2681 74.50
2682 73.00
2683 154.56
2684 77.50
2685 73.00
2686 126.80
2687 67.17
2688 95.17
2689 149.80
2690 75.80
2691 44.20
2692 136.00
2693 153.83
2694 78.57
2695 125.71
2696 77.60
2697 32.20
2698 87.14
2699 65.67
2700 84.00
2701 75.22
2702 64.71
2703 96.00
2704 65.17
2705 116.00
2706 91.67
2707 80.00
2708 58.20
2709 121.20
2710 94.60
2711 72.60
2712 81.56
2713 112.00
2714 64.80
2715 56.25
2716 92.50
2717 42.67
2718 70.17
2719 153.71
2720 49.29
2721 123.67
2722 55.00
2723 61.50
2724 56.80
2725 87.43
2726 120.50
2727 52.00
2728 75.71
2729 72.22
2730 72.50
2731 101.33
2732 38.50
2733 117.25
2734 28.50
2735 66.20
2736 89.00
2737 83.00
2738 98.43
2739 88.67
2740 156.09
2741 82.40
2742 29.67
2743 45.25
2744 138.40
2745 44.75
2746 126.00
2747 27.60
2748 123.20
2749 87.00
2750 99.60
2751 68.12
2752 96.00
2753 98.20
2754 79.17
2755 45.78
2756 135.00
2757 114.00
2758 122.00
2759 65.67
2760 85.14
2761 106.33
2762 81.75
2763 114.00
2764 101.00
2765 48.80
2766 56.67
2767 133.25
2768 46.33
2769 101.25
2770 80.00
2771 52.18
2772 63.75
2773 115.33
2774 78.33
2775 76.17
2776 113.33
2777 52.20
2778 57.20
2779 126.20
2780 50.20
2781 75.71
2782 95.20
2783 42.50
2784 92.83
2785 32.80
2786 47.43
2787 25.80
2788 104.17
2789 108.56
2790 129.00
2791 128.50
2792 53.00
2793 105.25
2794 76.43
2795 53.75
2796 63.43
2797 89.50
2798 107.60
2799 83.20
2800 72.00
2801 80.14
2802 74.50
2803 78.25
2804 49.17
2805 54.33
2806 198.00
2807 94.75
2808 71.86
2809 91.33
2810 59.00
2811 73.75
2812 67.14
2813 152.78
2814 172.67
2815 106.25
2816 72.38
2817 53.33
2818 117.00
2819 79.17
2820 93.00
2821 126.50
2822 82.90
2823 70.88
2824 112.33
2825 72.33
2826 95.71
2827 125.50
2828 82.67
2829 163.00
2830 41.50
2831 22.00
2832 141.67
2833 114.62
2834 58.00
2835 112.25
2836 38.00
2837 97.50
2838 100.57
2839 161.67
2840 47.43
2841 72.33
2842 109.00
2843 26.20
2844 29.50
2845 82.00
2846 112.17
2847 49.00
2848 85.50
2849 63.75
2850 58.33
2851 122.30
2852 57.17
2853 54.00
2854 72.71
2855 48.00
2856 169.50
2857 108.67
2858 124.00
2859 101.33
2860 76.40
2861 60.56
2862 144.50
2863 79.90
2864 115.62
2865 40.00
2866 108.29
2867 90.14
2868 79.33
2869 113.67
2870 37.40
2871 110.00
2872 65.20
2873 117.60
2874 66.29
2875 50.67
2876 23.50
2877 88.83
2878 44.00
2879 104.00
2880 101.90
2881 120.10
2882 67.25
2883 48.40
2884 31.67
2885 26.40
2886 72.00
2887 112.22
2888 63.43
2889 84.78
2890 53.43
2891 96.00
2892 61.44
2893 52.29
2894 66.00
2895 64.00
2896 44.25
2897 88.33
2898 29.75
2899 45.00
2900 96.43
2901 71.25
2902 47.29
2903 56.11
2904 111.60
2905 94.75
2906 118.00
2907 43.00
2908 146.20
2909 86.00
2910 84.75
2911 67.12
2913 90.20
2914 66.20
2915 30.50
2916 83.50
2917 108.30
2918 47.50
2919 47.67
2920 56.50
2921 63.43
2922 80.60
2923 90.00
2924 95.50
2925 124.00
2926 64.83
2927 46.00
2928 40.40
2929 144.33
2930 70.17
2931 64.71
2932 76.29
2933 33.17
2934 99.86
2935 75.00
2936 84.00
2937 122.67
2938 29.00
2939 90.30
2940 77.33
2941 56.00
2942 28.29
2943 59.20
2944 173.50
2945 58.67
2946 98.43
2947 19.00
2948 51.71
2949 45.14
2950 33.67
2951 95.80
2952 58.14
2953 52.40
2954 113.38
2955 75.00
2956 63.00
2957 73.71
2958 71.80
2959 49.00
2960 53.00
2961 95.62
2962 82.43
2963 129.00
2964 84.50
2965 81.50
2966 36.14
2967 114.33
2968 72.88
2969 96.50
2970 42.75
2971 90.83
2972 40.86
2973 129.56
2974 56.29
2975 47.00
2976 40.75
2977 69.50
2978 65.00
2979 13.50
2980 140.50
2981 31.67
2982 73.29
2983 68.80
2984 69.00
2985 53.40
2986 66.20
2987 59.14
2988 37.33
2989 121.50
2990 75.33
2991 60.00
2992 124.50
2993 22.60
2994 36.00
2995 116.00
2996 72.00
2997 103.00
2998 132.27
2999 104.86
3000 154.40
3001 126.40
3002 46.86
3003 35.33
3004 81.38
3005 75.67
3006 133.25
3007 61.14
3008 52.50
3009 44.33
3010 124.83
3011 54.00
3012 76.50
3013 53.50
3014 52.50
3015 38.14
3016 82.50
3017 76.33
3018 79.25
3019 151.60
3020 85.50
3021 57.12
3022 7.00
3023 94.00
3024 78.75
3025 117.75
3026 53.75
3027 82.80
3028 84.00
3029 13.40
3030 85.71
3031 53.00
3032 186.00
3033 124.33
3034 63.83
3035 54.33
3036 57.83
3037 91.12
3038 48.00
3039 44.67
3040 16.20
3041 86.60
3042 56.25
3043 79.00
3044 186.50
3045 56.57
3046 148.14
3047 90.40
3048 58.38
3049 86.50
3050 48.40
3051 106.67
3052 110.36
3053 79.60
3054 70.00
3055 135.17
3056 78.33
3057 35.50
3058 95.38
3059 97.78
3060 38.00
3061 157.00
3062 111.00
3063 64.00
3064 128.00
3065 49.17
3066 101.67
3067 64.80
3068 99.50
3069 33.20
3070 73.83
3071 90.88
3072 101.12
3073 80.57
3074 117.83
3075 88.25
3076 133.33
3077 43.50
3078 99.18
3079 145.86
3080 59.00
3081 100.50
3082 59.67
3083 89.20
3084 78.50
3085 99.40
3086 76.67
3087 83.33
3088 51.80
3089 70.50
3090 80.75
3091 104.27
3092 55.00
3093 28.17
3094 104.00
3095 53.33
3096 102.50
3097 105.80
3098 30.50
3099 109.00
3100 107.67
3101 53.62
3102 105.50
3103 88.25
3104 98.67
3105 73.00
3106 76.00
3107 48.60
3108 15.00
3109 112.33
3110 90.00
3111 95.00
3112 53.67
3113 46.75
3114 16.67
3115 62.33
3116 39.25
3117 129.75
3118 110.00
3119 53.75
3120 63.40
3121 98.60
3122 95.50
3123 24.50
3124 23.67
3125 67.42
3126 170.20
3127 56.50
3128 52.56
3129 76.67
3130 96.91
3131 69.00
3132 58.00
3133 129.80
3134 85.00
3135 66.00
3136 125.71
3137 89.60
3138 61.14
3139 90.29
3140 85.67
3141 70.43
3142 140.67
3143 64.33
3144 69.50
3145 144.75
3146 75.14
3147 113.50
3148 80.00
3149 83.50
3150 50.60
3151 48.20
3152 46.17
3153 74.00
3154 60.00
3155 49.33
3156 92.57
3157 72.57
3158 58.10
3159 66.86
3160 141.75
3161 121.57
3162 59.86
3163 70.33
3164 68.00
3165 152.00
3166 70.67
3167 93.40
3168 103.40
3169 114.50
3170 69.80
3171 52.50
3172 130.80
3173 43.00
3174 86.71
3175 89.29
3176 77.40
3177 103.43
3178 48.25
3179 99.75
3180 58.80
3181 305.50
3182 37.67
3183 97.00
3184 80.00
3185 63.33
3186 69.20
3187 20.00
3188 61.00
3189 44.11
3190 117.80
3191 43.50
3192 70.75
3193 128.20
3194 78.44
3195 62.25
3196 63.11
3197 32.00
3198 94.50
3199 102.60
3200 52.25
3201 41.11
3202 102.86
3203 49.43
3204 148.40
3205 87.50
3206 50.33
3207 71.00
3208 162.00
3209 77.30
3210 101.20
3211 124.86
3212 71.67
3213 102.83
3214 100.25
3215 79.33
3216 59.57
3217 120.67
3218 74.00
3219 62.80
3220 129.20
3221 78.12
3222 46.20
3223 75.56
3224 58.71
3225 65.10
3226 93.00
3227 54.17
3228 78.00
3229 113.57
3230 67.33
3231 69.75
3232 65.33
3233 74.60
3234 115.00
3235 46.33
3236 28.50
3237 79.00
3238 76.00
3239 76.17
3240 54.17
3241 90.71
3242 26.75
3243 87.78
3244 83.67
3245 65.22
3246 75.22
3247 72.57
3248 60.89
3249 61.42
3250 90.80
3251 62.20
3252 115.38
3253 50.67
3254 99.50
3255 18.33
3256 142.33
3257 57.57
3258 89.40
3259 190.60
3260 94.00
3261 53.60
3262 56.86
3263 85.60
3264 34.40
3265 113.12
3266 96.00
3267 98.00
3268 155.29
3269 70.80
3270 69.67
3271 123.20
3272 104.67
3273 47.00
3274 61.00
3275 71.00
3276 115.83
3277 61.83
3278 84.25
3279 59.00
3280 99.73
3281 125.75
3282 137.00
3283 248.00
3284 32.50
3285 109.88
3286 102.20
3287 73.75
3288 63.00
3289 146.33
3290 67.25
3291 24.00
3292 97.55
3293 88.20
3294 19.80
3295 169.25
3296 100.33
3297 38.71
3298 108.75
3299 136.00
3300 57.44
3301 70.40
3302 63.00
3303 110.50
3304 79.12
3305 84.67
3306 21.00
3307 84.25
3308 71.40
3309 129.43
3310 139.75
3311 55.83
3312 82.00
3313 109.75
3314 61.00
3315 88.80
3316 74.50
3317 73.33
3318 88.67
3319 93.88
3320 14.00
3321 77.75
3322 171.75
3323 51.88
3324 70.50
3325 68.43
3326 177.75
3327 31.20
3328 110.75
3329 71.20
3330 50.80
3331 86.57
3332 91.88
3333 56.25
3334 70.33
3335 103.38
3336 57.25
3337 62.25
3338 71.60
3339 68.57
3340 119.60
3341 97.00
3342 130.60
3343 111.25
3344 137.75
3345 27.83
3346 132.00
3347 77.62
3348 122.60
3349 98.75
3350 158.14
3351 112.75
3352 31.43
3353 83.67
3354 100.17
3355 66.50
3356 49.86
3357 65.00
3358 68.67
3359 64.33
3360 103.71
3361 70.00
3362 17.33
3363 66.00
3364 45.00
3365 98.00
3366 112.80
3367 104.50
3368 7.33
3369 130.00
3370 66.12
3371 47.17
3372 56.00
3373 78.14
3374 68.33
3375 47.50
3376 38.17
3377 63.33
3378 74.55
3379 29.00
3380 54.91
3381 95.89
3382 64.33
3383 73.75
3384 82.62
3385 96.67
3386 39.45
3387 68.12
3388 115.67
3389 72.50
3390 175.20
3391 134.00
3392 39.33
3393 72.00
3394 57.00
3395 34.00
3396 4.00
3397 171.00
3398 76.00
3399 142.71
3400 39.83
3401 112.00
3402 74.29
3403 74.00
3404 70.82
3405 109.27
3406 95.25
3407 66.88
3408 85.12
3409 102.43
3410 52.86
3411 110.00
3412 31.38
3413 78.67
3414 73.67
3415 59.00
3416 104.50
3417 127.57
3418 84.00
3419 64.00
3420 40.11
3421 81.25
3422 36.00
3423 123.00
3424 140.70
3425 112.33
3426 106.67
3427 108.50
3428 53.50
3429 79.40
3430 121.00
3431 16.50
3432 85.00
3433 118.60
3434 64.00
3435 65.57
3436 60.00
3437 87.00
3438 73.25
3439 66.00
3440 106.40
3441 68.14
3442 106.71
3443 67.57
3444 79.75
3445 130.00
3446 143.50
3447 65.00
3448 64.00
3449 59.83
3450 20.75
3451 72.60
3452 41.83
3453 146.40
3454 54.67
3455 101.71
3456 53.00
3457 98.00
3458 30.00
3459 92.00
3460 160.56
3461 93.00
3462 111.00
3463 81.50
3464 124.83
3465 112.67
3466 50.00
3467 9.50
3468 88.83
3469 83.80
3470 167.80
3471 29.83
3472 91.17
3473 112.83
3474 72.18
3475 62.33
3476 96.43
