0 112.67
1 116.83
2 45.44
3 137.40
4 151.50
5 65.31
6 74.85
7 88.38
8 46.92
9 46.56
10 121.00
11 100.53
12 58.92
13 98.20
14 120.33
15 107.18
16 50.00
17 127.88
18 97.75
19 73.11
20 72.77
21 61.09
22 105.70
23 80.00
24 80.58
25 91.89
26 44.50
27 92.57
28 88.17
29 45.86
30 39.33
31 74.25
32 106.07
33 58.50
34 68.08
35 109.30
36 79.70
37 60.17
38 162.00
39 95.44
40 61.29
41 46.62
42 129.29
43 73.22
44 61.12
45 107.83
46 130.11
47 69.00
48 74.22
49 110.09
50 100.00
51 27.55
52 137.75
53 94.47
54 74.58
55 65.73
56 122.29
57 79.86
58 47.43
59 95.36
60 71.45
61 78.83
62 72.94
63 117.69
64 69.00
65 43.36
66 185.24
67 64.00
68 100.22
69 82.33
70 102.81
71 96.64
72 75.09
73 116.56
74 89.47
75 50.33
76 107.11
77 88.30
78 110.70
79 45.43
80 116.40
81 92.13
82 72.64
83 86.38
84 115.85
85 90.67
86 46.09
87 149.93
88 97.62
89 82.00
90 73.46
91 92.60
92 92.67
93 56.08
94 25.00
95 108.00
96 65.00
97 94.83
98 128.33
99 68.56
100 65.93
101 116.67
102 79.50
103 80.58
104 59.27
105 104.62
106 105.00
107 43.43
108 96.89
109 72.80
110 91.44
111 68.93
112 65.86
113 105.77
114 73.78
115 198.22
116 77.00
117 54.91
118 71.50
119 121.94
120 95.62
121 65.60
122 214.70
123 94.55
124 69.07
125 69.21
126 152.71
127 109.93
128 37.90
129 154.43
130 105.17
131 54.09
132 66.56
133 102.36
134 91.89
135 41.82
136 28.75
137 76.82
138 57.00
139 79.75
140 109.08
141 114.06
142 63.00
143 37.67
144 100.61
145 27.29
146 52.46
147 119.57
148 103.40
149 37.20
150 54.82
151 90.83
152 74.47
153 86.67
154 131.29
155 84.00
156 50.13
157 75.67
158 91.36
159 62.20
160 104.15
161 97.70
162 81.29
163 63.17
164 73.62
165 113.11
166 71.12
167 60.09
168 99.00
169 64.47
170 73.80
171 117.63
172 124.36
173 38.71
174 90.50
175 149.50
176 60.56
177 62.00
178 43.25
179 106.33
180 69.42
181 73.63
182 97.64
183 93.11
184 46.00
185 66.12
186 115.00
187 42.55
188 73.67
189 110.44
190 74.11
191 64.38
192 142.64
193 84.20
194 60.31
195 91.12
196 110.89
197 62.40
198 45.67
199 121.06
200 100.71
201 61.81
202 97.57
203 119.36
204 84.17
205 60.46
206 182.00
207 157.31
208 72.64
209 63.71
210 116.55
211 103.75
212 48.57
213 135.25
214 118.60
215 86.33
216 71.67
217 126.12
218 74.85
219 77.29
220 132.07
221 101.58
222 81.80
223 78.26
224 93.08
225 86.68
226 46.00
227 54.60
228 131.14
229 67.00
230 97.25
231 111.18
232 85.67
233 41.71
234 120.50
235 103.20
236 74.36
237 55.43
238 129.16
239 95.56
240 54.22
241 105.00
242 62.00
243 46.95
244 60.00
245 89.20
246 100.08
247 63.00
248 99.78
249 95.54
250 81.14
251 45.00
252 128.07
253 55.75
254 45.92
255 99.29
256 123.17
257 78.00
258 97.00
259 120.23
260 115.60
261 62.86
262 83.89
263 69.79
264 56.25
265 62.89
266 81.70
267 115.73
268 74.50
269 69.60
270 103.30
271 97.62
272 106.20
273 91.79
274 118.64
275 66.67
276 109.53
277 106.18
278 71.50
279 51.30
280 105.00
281 100.56
282 38.92
283 101.81
284 111.19
285 105.15
286 55.55
287 107.44
288 98.33
289 40.00
290 180.86
291 92.77
292 80.27
293 70.06
294 115.10
295 93.14
296 72.50
297 135.00
298 122.47
299 103.00
300 70.78
301 64.27
302 91.00
303 73.75
304 111.46
305 89.33
306 78.67
307 55.20
308 117.00
309 99.71
310 40.14
311 130.00
312 61.77
313 76.83
314 49.69
315 68.33
316 107.88
317 57.00
318 71.22
319 118.30
320 74.40
321 73.78
322 85.67
323 96.78
324 35.00
325 119.10
326 61.67
327 44.67
328 74.83
329 154.33
330 130.25
331 58.83
332 164.38
333 96.70
334 57.38
335 66.47
336 122.40
337 108.71
338 55.20
339 97.00
340 76.75
341 50.00
342 43.67
343 128.85
344 105.50
345 50.93
346 72.62
347 121.86
348 90.83
349 102.50
350 111.25
351 103.15
352 21.78
353 142.42
354 151.20
355 43.90
356 63.54
357 111.33
358 118.00
359 44.71
360 113.64
361 118.62
362 80.00
363 58.62
364 114.62
365 67.55
366 55.23
367 95.57
368 104.14
369 82.60
370 66.89
371 110.75
372 87.00
373 36.78
374 142.33
375 113.92
376 50.93
377 90.64
378 17.50
379 95.67
380 63.46
381 97.08
382 106.00
383 47.38
384 95.83
385 110.33
386 104.33
387 50.79
388 88.20
389 70.36
390 90.00
391 76.69
392 92.35
393 108.00
394 53.00
395 106.62
396 78.10
397 75.35
398 69.50
399 107.77
400 74.54
401 64.08
402 152.14
403 142.23
404 73.40
405 90.33
406 122.44
407 82.78
408 38.38
409 135.27
410 97.00
411 43.92
412 83.23
413 64.67
414 98.38
415 48.55
416 80.22
417 127.30
418 57.00
419 79.07
420 84.07
421 108.00
422 62.85
423 140.00
424 85.87
425 56.95
426 48.89
427 89.00
428 100.21
429 59.19
430 108.18
431 199.50
432 89.38
433 80.89
434 104.86
435 100.36
436 70.00
437 130.22
438 117.67
439 68.55
440 92.67
441 100.27
442 69.46
443 76.82
444 91.33
445 90.00
446 29.44
447 73.10
448 92.42
449 118.31
450 46.45
451 175.50
452 42.50
453 71.91
454 48.29
455 141.33
456 134.00
457 57.25
458 70.30
459 105.24
460 57.55
461 70.20
462 131.67
463 89.08
464 61.07
465 111.25
466 102.40
467 40.29
468 74.33
469 116.78
470 80.10
471 57.07
472 96.56
473 83.12
474 63.22
475 47.33
476 130.33
477 98.36
478 47.20
479 170.44
480 112.15
481 46.50
482 94.27
483 96.47
484 50.11
485 49.92
486 100.42
487 86.00
488 64.67
489 54.72
490 90.62
491 80.94
492 50.60
493 109.90
494 103.20
495 80.00
496 88.38
497 90.36
498 90.67
499 62.64
500 97.07
501 113.33
502 97.00
503 65.50
504 78.10
505 84.60
506 79.27
507 150.29
508 126.88
509 67.62
510 72.29
511 84.00
512 67.43
513 57.25
514 70.22
515 153.67
516 17.75
517 89.40
518 130.44
519 60.58
520 34.50
521 135.70
522 134.50
523 86.29
524 84.33
525 149.91
526 82.42
527 48.67
528 145.00
529 97.55
530 80.43
531 70.33
532 59.09
533 75.45
534 63.33
535 81.64
536 112.22
537 53.50
538 83.22
539 146.00
540 103.58
541 63.60
542 46.22
543 80.83
544 45.25
545 84.78
546 104.27
547 63.08
548 67.44
549 98.50
550 91.29
551 53.27
552 76.56
553 101.00
554 44.30
555 33.56
556 108.00
557 139.20
558 68.91
559 88.38
560 141.23
561 130.57
562 30.36
563 89.27
564 63.08
565 47.00
566 87.67
567 82.45
568 99.89
569 68.44
570 137.44
571 150.46
572 60.00
573 87.00
574 122.77
575 86.62
576 55.27
577 96.80
578 76.08
579 83.67
580 68.92
581 62.20
582 105.43
583 67.40
584 209.57
585 144.67
586 41.55
587 75.21
588 90.08
589 129.20
590 68.38
591 109.38
592 113.64
593 49.70
594 61.08
595 108.42
596 59.50
597 52.33
598 139.31
599 98.58
600 87.75
601 77.62
602 135.75
603 110.00
604 53.00
605 92.88
606 137.46
607 92.38
608 85.36
609 89.50
610 107.00
611 46.08
612 80.20
613 113.18
614 70.00
615 94.67
616 97.44
617 67.00
618 65.75
619 54.50
620 109.33
621 68.00
622 62.43
623 77.67
624 88.50
625 81.36
626 135.50
627 133.33
628 92.17
629 77.60
630 66.67
631 57.20
632 48.29
633 104.06
634 73.57
635 80.08
636 71.67
637 139.73
638 83.82
639 56.75
640 132.80
641 64.08
642 66.36
643 83.14
644 89.70
645 91.64
646 31.00
647 78.92
648 96.50
649 73.18
650 102.44
651 128.92
652 92.89
653 44.30
654 97.50
655 121.54
656 51.83
657 86.07
658 100.31
659 128.07
660 75.23
661 64.11
662 150.73
663 53.14
664 51.45
665 104.91
666 80.09
667 47.22
668 108.67
669 85.00
670 36.31
671 50.25
672 94.55
673 94.38
674 52.67
675 119.33
676 139.13
677 66.54
678 97.25
679 103.00
680 89.72
681 64.75
682 66.91
683 104.40
684 91.17
685 68.64
686 126.58
687 109.92
688 69.83
689 109.75
690 90.57
691 68.38
692 66.60
693 88.00
694 111.67
695 48.88
696 74.53
697 87.56
698 62.67
699 85.69
700 60.43
701 87.47
702 66.27
703 126.62
704 94.00
705 68.30
706 90.33
707 114.00
708 85.64
709 57.06
710 145.00
711 117.31
712 74.67
713 115.25
714 114.82
715 113.42
716 71.50
717 108.25
718 72.12
719 128.00
720 72.38
721 81.23
722 86.36
723 54.18
724 99.31
725 75.09
726 82.15
727 84.27
728 101.58
729 66.40
730 66.91
731 54.93
732 87.62
733 66.30
734 73.60
735 82.00
736 86.69
737 50.23
738 80.27
739 116.92
740 49.54
741 70.92
742 86.80
743 97.29
744 63.77
745 169.00
746 140.00
747 39.75
748 133.67
749 61.00
750 82.18
751 61.33
752 64.29
753 138.67
754 60.40
755 70.79
756 102.83
757 88.45
758 62.16
759 109.00
760 79.70
761 63.55
762 75.25
763 101.21
764 80.40
765 66.00
766 177.14
767 84.31
768 72.33
769 50.10
770 95.45
771 80.80
772 50.17
773 125.27
774 169.00
775 66.73
776 67.67
777 107.15
778 93.10
779 63.33
780 142.14
781 34.67
782 56.09
783 88.33
784 117.25
785 73.67
786 52.89
787 94.47
788 113.33
789 55.20
790 83.77
791 88.12
792 88.50
793 81.73
794 79.92
795 76.79
796 84.08
797 91.18
798 97.38
799 83.00
800 47.20
801 104.38
802 148.82
803 92.67
804 94.89
805 75.56
806 107.50
807 65.12
808 75.89
809 123.00
810 72.00
811 78.53
812 97.92
813 95.56
814 41.12
815 152.67
816 76.33
817 75.12
818 66.50
819 139.56
820 67.56
821 69.71
822 109.31
823 84.42
824 29.25
825 64.14
826 128.64
827 81.06
828 75.25
829 68.17
830 102.75
831 65.71
832 63.00
833 86.00
834 91.30
835 62.64
836 162.44
837 129.00
838 77.56
839 72.20
840 103.92
841 106.54
842 44.78
843 51.92
844 81.18
845 58.62
846 98.60
847 71.18
848 73.41
849 65.82
850 97.50
851 91.93
852 83.50
853 102.70
854 120.20
855 94.29
856 76.50
857 167.86
858 104.78
859 53.92
860 84.86
861 101.33
862 86.60
863 39.93
864 154.67
865 86.43
866 43.18
867 100.75
868 130.11
869 80.43
870 54.77
871 158.75
872 80.10
873 60.44
874 80.17
875 109.00
876 115.92
877 59.15
878 170.33
879 106.14
880 38.00
881 60.37
882 97.69
883 95.60
884 47.54
885 89.70
886 94.30
887 45.00
888 72.50
889 96.47
890 119.33
891 29.12
892 135.14
893 122.20
894 86.50
895 55.40
896 85.62
897 76.00
898 52.33
899 160.00
900 91.06
901 63.79
902 66.93
903 87.22
904 42.45
905 66.33
906 147.17
907 60.38
908 58.20
909 61.89
910 111.56
911 75.89
912 69.54
913 182.88
914 125.75
915 72.75
916 98.73
917 113.50
918 112.00
919 42.45
920 117.50
921 60.88
922 111.46
923 60.20
924 112.54
925 67.12
926 61.14
927 83.79
928 140.36
929 47.88
930 101.11
931 82.92
932 95.30
933 49.29
934 113.67
935 118.75
936 73.36
937 35.14
938 137.00
939 90.25
940 51.60
941 157.18
942 105.56
943 65.18
944 63.33
945 60.00
946 85.00
947 65.18
948 135.47
949 78.21
950 72.56
951 66.73
952 95.83
953 92.75
954 49.20
955 147.92
956 78.08
957 47.63
958 48.56
959 61.64
960 115.88
961 81.86
962 103.00
963 76.62
964 83.67
965 78.33
966 93.31
967 100.00
968 65.64
969 169.73
970 71.82
971 43.90
972 74.67
973 128.14
974 65.50
975 54.80
976 138.82
977 65.83
978 66.30
979 63.43
980 97.33
981 61.85
982 47.72
983 98.54
984 101.36
985 48.38
986 59.00
987 129.50
988 61.50
989 48.58
990 123.83
991 124.75
992 56.50
993 55.50
994 80.50
995 71.69
996 59.75
997 149.71
998 137.91
999 79.83
1000 78.62
1001 104.00
1002 99.09
1003 53.42
1004 100.45
1005 132.73
1006 70.29
1007 94.45
1008 118.36
1009 84.67
1010 59.73
1011 89.10
1012 57.25
1013 64.29
1014 50.90
1015 105.08
1016 103.00
1017 67.25
1018 152.60
1019 104.31
1020 49.67
1021 86.00
1022 106.75
1023 86.12
1024 54.56
1025 143.85
1026 54.90
1027 53.18
1028 71.18
1029 128.75
1030 69.54
1031 46.94
1032 32.33
1033 114.25
1034 56.29
1035 57.00
1036 122.75
1037 112.89
1038 61.94
1039 108.89
1040 92.62
1041 92.20
1042 78.20
1043 112.93
1044 115.27
1045 59.85
1046 120.29
1047 100.60
1048 57.56
1049 61.40
1050 92.62
1051 80.62
1052 42.92
1053 158.69
1054 53.83
1055 41.60
1056 66.82
1057 116.21
1058 63.21
1059 49.78
1060 113.67
1061 87.17
1062 92.45
1063 74.90
1064 70.31
1065 90.17
1066 54.00
1067 132.64
1068 115.12
1069 71.77
1070 52.67
1071 135.45
1072 81.08
1073 60.20
1074 136.36
1075 114.40
1076 56.15
1077 92.60
1078 69.21
1079 127.00
1080 57.85
1081 72.80
1082 113.64
1083 61.14
1084 88.75
1085 142.55
1086 81.69
1087 93.44
1088 53.57
1089 110.86
1090 67.91
1091 78.00
1092 141.60
1093 89.82
1094 47.73
1095 92.54
1096 114.18
1097 103.15
1098 72.50
1099 73.13
1100 99.80
1101 49.00
1102 88.43
1103 75.60
1104 60.31
1105 75.12
1106 99.58
1107 70.10
1108 55.50
1109 171.59
1110 98.67
1111 55.60
1112 82.08
1113 97.33
1114 92.70
1115 75.50
1116 110.00
1117 156.00
1118 76.75
1119 93.00
1120 121.92
1121 69.87
1122 46.83
1123 70.70
1124 121.93
1125 73.40
1126 83.71
1127 118.54
1128 92.95
1129 67.67
1130 99.91
1131 90.27
1132 72.23
1133 82.17
1134 83.33
1135 91.92
1136 48.25
1137 180.82
1138 69.67
1139 54.00
1140 76.50
1141 70.10
1142 124.93
1143 53.59
1144 118.60
1145 78.92
1146 80.33
1147 81.25
1148 97.78
1149 88.80
1150 36.00
1151 151.59
1152 100.23
1153 68.06
1154 66.09
1155 114.25
1156 110.27
1157 42.33
1158 128.82
1159 98.47
1160 79.57
1161 55.67
1162 42.14
1163 83.67
1164 73.88
1165 72.77
1166 117.33
1167 55.36
1168 69.20
1169 94.88
1170 106.38
1171 38.71
1172 173.29
1173 114.07
1174 71.33
1175 72.00
1176 47.11
1177 105.31
1178 44.50
1179 75.85
1180 89.00
1181 66.50
1182 68.91
1183 131.70
1184 84.00
1185 70.88
1186 170.00
1187 108.20
1188 56.71
1189 103.55
1190 107.00
1191 122.08
1192 59.27
1193 18.55
1194 109.72
1195 90.07
1196 53.80
1197 126.89
1198 99.17
1199 56.50
1200 119.14
1201 145.00
1202 80.07
1203 68.00
1204 123.09
1205 58.23
1206 51.93
1207 110.56
1208 75.81
1209 78.43
1210 106.92
1211 91.85
1212 100.31
1213 55.70
1214 109.75
1215 108.33
1216 77.82
1217 70.25
1218 113.07
1219 110.27
1220 67.30
1221 142.56
1222 103.94
1223 87.75
1224 96.14
1225 94.91
1226 103.78
1227 64.57
1228 134.57
1229 70.18
1230 65.78
1231 63.67
1232 98.44
1233 71.00
1234 63.67
1235 146.00
1236 60.57
1237 58.22
1238 56.30
1239 41.00
1240 75.86
1241 48.20
1242 115.07
1243 103.17
1244 57.80
1245 65.42
1246 61.60
1247 100.32
1248 61.82
1249 60.80
1250 88.23
1251 38.64
1252 56.42
1253 102.00
1254 99.86
1255 58.71
1256 162.44
1257 105.43
1258 42.80
1259 66.10
1260 85.71
1261 79.77
1262 65.20
1263 150.20
1264 145.19
1265 54.94
1266 67.54
1267 126.75
1268 71.93
1269 49.38
1270 48.40
1271 109.47
1272 56.12
1273 74.67
1274 105.38
1275 143.56
1276 51.44
1277 127.36
1278 93.07
1279 90.44
1280 77.88
1281 95.14
1282 101.13
1283 54.38
1284 88.36
1285 82.27
1286 53.19
1287 53.60
1288 117.64
1289 81.22
1290 54.67
1291 121.38
1292 109.73
1293 63.75
1294 79.00
1295 100.89
1296 91.31
1297 57.06
1298 76.62
1299 86.92
1300 73.14
1301 69.64
1302 114.67
1303 104.17
1304 98.29
1305 68.94
1306 103.62
1307 79.25
1308 51.50
1309 86.60
1310 108.40
1311 62.83
1312 116.10
1313 84.17
1314 45.50
1315 55.83
1316 139.75
1317 117.77
1318 47.33
1319 192.67
1320 112.30
1321 78.30
1322 61.92
1323 102.47
1324 113.60
1325 38.89
1326 95.62
1327 184.67
1328 50.36
1329 62.17
1330 109.45
1331 73.36
1332 64.10
1333 118.65
1334 67.56
1335 58.71
1336 91.78
1337 78.06
1338 123.12
1339 49.56
1340 159.00
1341 129.17
1342 52.25
1343 74.42
1344 81.10
1345 81.40
1346 61.30
1347 101.33
1348 85.33
1349 52.75
1350 85.36
1351 130.75
1352 104.33
1353 52.75
1354 151.23
1355 127.15
1356 80.60
1357 78.25
1358 98.67
1359 95.27
1360 50.91
1361 172.27
1362 62.08
1363 63.08
1364 78.18
1365 137.82
1366 105.92
1367 43.00
1368 83.89
1369 100.15
1370 64.00
1371 78.82
1372 75.29
1373 55.53
1374 51.80
1375 129.75
1376 97.00
1377 75.62
1378 102.89
1379 108.62
1380 100.50
1381 81.50
1382 124.62
1383 135.50
1384 95.62
1385 49.93
1386 116.88
1387 104.31
1388 45.23
1389 76.28
1390 98.43
1391 67.09
1392 58.36
1393 65.57
1394 90.44
1395 67.18
1396 108.79
1397 104.67
1398 64.81
1399 80.33
1400 97.25
1401 140.88
1402 45.13
1403 56.15
1404 134.00
1405 66.77
1406 67.07
1407 122.82
1408 64.27
1409 32.75
1410 89.58
1411 118.83
1412 105.00
1413 97.83
1414 139.90
1415 73.47
1416 89.00
1417 54.82
1418 103.89
1419 87.45
1420 77.11
1421 105.08
1422 120.29
1423 54.77
1424 93.25
1425 128.36
1426 45.67
1427 71.67
1428 121.33
1429 85.45
1430 62.67
1431 88.42
1432 90.70
1433 48.62
1434 64.73
1435 78.92
1436 110.67
1437 61.76
1438 98.56
1439 141.19
1440 37.64
1441 34.50
1442 124.36
1443 109.90
1444 31.60
1445 119.00
1446 127.33
1447 77.81
1448 80.47
1449 91.33
1450 105.67
1451 59.38
1452 94.11
1453 146.67
1454 69.20
1455 79.90
1456 103.50
1457 104.50
1458 31.33
1459 50.43
1460 113.80
1461 59.20
1462 84.64
1463 102.43
1464 79.80
1465 53.47
1466 117.60
1467 72.31
1468 50.00
1469 80.50
1470 98.07
1471 110.14
1472 58.79
1473 142.75
1474 101.71
1475 52.92
1476 75.93
1477 116.64
1478 79.95
1479 52.33
1480 118.89
1481 46.60
1482 48.38
1483 76.86
1484 97.57
1485 87.25
1486 62.33
1487 95.33
1488 138.75
1489 71.46
1490 71.83
1491 116.86
1492 80.58
1493 14.50
1494 81.11
1495 143.21
1496 59.64
1497 85.92
1498 54.78
1499 89.50
1500 59.85
1501 166.47
1502 67.14
1503 66.50
1504 53.56
1505 73.60
1506 100.00
1507 72.09
1508 172.85
1509 117.83
1510 45.44
1511 79.25
1512 132.91
1513 76.00
1514 39.85
1515 107.00
1516 133.92
1517 65.77
1518 91.00
1519 72.77
1520 80.94
1521 32.46
1522 124.71
1523 86.67
1524 49.11
1525 82.33
1526 94.69
1527 110.12
1528 87.10
1529 141.00
1530 112.00
1531 46.06
1532 96.79
1533 114.17
1534 126.44
1535 48.56
1536 102.00
1537 100.93
1538 53.83
1539 54.00
1540 41.78
1541 83.40
1542 57.60
1543 130.06
1544 126.62
1545 44.21
1546 108.44
1547 108.13
1548 104.56
1549 49.45
1550 102.27
1551 104.00
1552 98.00
1553 84.67
1554 102.73
1555 105.07
1556 55.73
1557 133.00
1558 108.27
1559 65.39
1560 74.25
1561 114.32
1562 98.09
1563 54.80
1564 83.40
1565 104.24
1566 71.30
1567 77.67
1568 74.93
1569 106.40
1570 75.87
1571 95.20
1572 129.00
1573 54.77
1574 88.12
1575 107.89
1576 89.67
1577 50.80
1578 88.33
1579 101.00
1580 101.69
1581 73.60
1582 104.44
1583 71.71
1584 39.78
1585 152.79
1586 82.00
1587 100.29
1588 54.40
1589 172.33
1590 86.83
1591 45.54
1592 51.89
1593 109.07
1594 64.64
1595 87.36
1596 128.40
1597 87.38
1598 33.44
1599 69.36
1600 110.29
1601 68.11
1602 97.64
1603 70.79
1604 67.92
1605 51.73
1606 126.38
1607 110.06
1608 50.00
1609 59.33
1610 159.00
1611 96.21
1612 51.00
1613 48.67
1614 86.58
1615 57.70
1616 79.64
1617 65.35
1618 105.77
1619 56.82
1620 118.93
1621 71.40
1622 68.00
1623 50.64
1624 54.29
1625 108.67
1626 61.47
1627 118.42
1628 62.33
1629 52.70
1630 53.12
1631 97.50
1632 76.86
1633 37.40
1634 80.92
1635 77.92
1636 41.64
1637 84.29
1638 46.29
1639 82.09
1640 43.00
1641 123.92
1642 99.06
1643 48.67
1644 72.40
1645 118.83
1646 84.54
1647 56.25
1648 150.17
1649 85.85
1650 28.44
1651 80.78
1652 114.91
1653 88.89
1654 57.00
1655 92.20
1656 59.00
1657 65.57
1658 96.78
1659 113.90
1660 62.86
1661 85.78
1662 158.44
1663 41.92
1664 54.53
1665 94.20
1666 124.15
1667 83.50
1668 60.67
1669 144.22
1670 149.44
1671 69.33
1672 72.67
1673 72.59
1674 49.57
1675 56.36
1676 161.15
1677 103.11
1678 50.20
1679 70.77
1680 128.60
1681 101.86
1682 77.88
1683 140.64
1684 131.40
1685 86.57
1686 76.94
1687 73.27
1688 85.14
1689 54.38
1690 98.64
1691 87.44
1692 53.71
1693 80.27
1694 106.62
1695 78.00
1696 37.12
1697 88.93
1698 124.91
1699 46.20
1700 82.91
1701 95.30
1702 114.45
1703 29.67
1704 129.18
1705 96.94
1706 119.20
1707 70.00
1708 165.40
1709 86.33
1710 59.11
1711 73.42
1712 94.86
1713 88.14
1714 47.14
1715 79.25
1716 65.42
1717 48.00
1718 86.25
1719 116.50
1720 57.00
1721 65.33
1722 65.44
1723 95.50
1724 47.46
1725 106.14
1726 100.78
1727 56.91
1728 87.50
