0 13.41
1 154.28
2 161.80
3 152.17
4 132.83
5 127.08
6 154.74
7 141.28
8 153.32
9 168.51
10 138.77
11 176.53
12 141.33
13 144.93
14 139.56
15 144.54
16 162.26
17 161.66
18 146.86
19 144.32
20 161.17
21 166.82
22 149.39
23 155.06
24 148.29
25 178.87
26 155.98
27 151.55
28 148.72
29 151.58
30 166.31
31 151.92
32 160.63
33 150.91
34 150.54
35 157.15
36 174.44
37 158.54
38 153.48
39 154.52
40 163.73
41 167.53
42 158.97
43 153.63
44 153.13
45 157.33
46 164.04
47 147.86
48 167.67
49 151.76
50 142.17
51 148.52
52 154.00
53 137.47
54 142.88
55 164.98
56 137.50
57 160.70
58 155.18
59 133.84
60 142.30
61 143.19
62 122.98
63 150.68
64 150.08
65 167.11
66 151.23
67 153.24
68 138.53
69 148.15
70 156.51
71 141.30
72 160.72
73 166.60
74 166.80
75 156.93
76 156.56
77 146.26
78 159.58
79 148.89
80 153.75
81 154.47
82 174.02
83 169.32
84 174.78
85 158.84
86 143.81
87 143.54
88 153.42
89 164.89
90 148.05
91 140.57
92 139.05
93 137.17
94 149.20
95 150.50
96 158.41
97 139.06
98 148.35
99 133.64
100 142.40
101 139.21
102 163.07
103 144.66
104 159.78
105 165.93
106 165.25
107 155.47
108 158.23
109 151.68
110 179.28
111 143.75
112 152.21
113 142.23
114 158.16
115 155.18
116 136.11
117 160.54
118 142.54
119 134.53
120 147.08
121 155.80
122 161.05
123 151.11
124 146.39
125 150.95
126 162.59
127 151.82
128 156.71
129 146.03
130 153.57
131 159.65
132 145.27
133 155.08
134 139.85
135 144.60
136 158.91
137 161.59
138 149.03
139 160.17
140 157.00
141 122.44
142 154.10
143 168.72
144 127.47
145 171.51
146 167.58
147 157.43
148 140.14
149 140.49
150 156.44
151 153.13
152 144.33
153 148.10
154 153.94
155 156.53
156 158.70
157 176.41
158 154.37
159 137.32
160 146.36
161 153.64
162 157.56
163 164.74
164 147.52
165 148.67
166 164.87
167 172.65
168 148.61
169 141.90
170 143.26
171 141.68
172 142.17
173 147.27
174 161.52
175 159.30
176 162.80
177 157.34
178 152.16
179 127.11
180 149.73
181 155.60
182 166.68
183 149.94
184 149.84
185 146.68
186 141.51
187 151.82
188 158.48
189 157.00
190 150.99
191 135.77
192 152.98
193 152.69
194 165.26
195 152.42
196 174.90
197 151.42
198 161.08
199 161.35
200 153.61
201 145.38
202 145.42
203 146.05
204 137.80
205 134.65
206 147.19
207 130.84
208 144.47
209 150.35
210 149.77
211 159.54
212 146.87
213 165.48
214 147.98
215 164.97
216 159.29
217 145.88
218 154.75
219 140.27
220 145.03
221 153.37
222 158.17
223 155.88
224 162.45
225 151.70
226 146.42
227 141.31
228 135.28
229 161.27
230 142.22
231 155.21
232 161.00
233 157.61
234 140.89
235 152.17
236 122.66
237 146.10
238 162.98
239 143.61
240 150.19
241 156.67
242 164.33
243 155.33
244 147.01
245 168.80
246 150.62
247 129.08
248 151.18
249 136.84
250 161.35
251 146.58
252 160.93
253 179.31
254 148.67
255 153.98
256 137.15
257 155.60
258 152.62
259 171.60
260 141.10
261 128.58
262 158.41
263 150.32
264 154.97
265 143.07
266 163.18
267 125.02
268 147.09
269 169.20
270 169.74
271 164.08
272 142.70
273 144.72
274 155.73
275 154.00
276 186.15
277 157.85
278 156.52
279 152.57
280 160.39
281 156.02
282 147.22
283 138.80
284 148.52
285 119.21
286 148.75
287 165.10
288 152.89
289 139.24
290 154.49
291 163.94
292 171.55
293 149.89
294 146.72
295 163.03
296 179.14
297 166.22
298 151.19
299 142.03
300 123.39
301 135.79
302 161.56
303 145.95
304 144.86
305 159.59
306 150.90
