0 71.75
1 82.33
2 68.75
3 34.50
4 69.83
5 51.40
6 44.75
8 111.50
9 52.67
10 173.00
11 96.75
12 64.25
13 60.75
14 92.00
15 30.33
16 14.50
17 30.00
18 63.71
19 46.00
20 108.50
21 146.50
22 56.33
23 63.50
24 47.50
26 81.22
27 37.00
28 83.50
29 65.60
30 33.33
31 48.50
32 71.33
33 83.80
34 29.83
35 103.00
36 34.00
37 96.00
38 125.50
39 67.20
40 30.00
41 29.25
42 72.33
43 92.25
44 95.00
45 99.00
46 127.25
47 31.00
48 71.50
49 96.00
50 33.00
51 72.00
52 60.50
53 27.00
54 16.00
55 80.60
56 52.00
57 58.00
58 247.00
60 74.33
61 17.00
62 130.00
63 13.33
64 132.00
65 32.00
66 48.50
68 34.00
69 85.40
70 109.33
71 68.00
72 24.00
73 36.17
74 29.33
75 26.00
76 83.25
77 56.60
78 65.80
79 24.00
80 29.33
81 79.67
82 28.67
83 90.00
84 57.20
85 36.00
86 91.33
87 74.25
88 28.00
89 54.67
90 49.33
91 1.00
92 4.50
93 62.00
94 61.50
95 87.00
96 86.25
97 67.00
98 74.25
99 107.00
100 37.00
101 56.00
102 79.00
103 137.00
104 50.00
105 15.50
106 73.30
107 56.33
108 48.50
109 57.33
110 29.50
111 31.00
112 47.67
113 33.67
115 52.75
116 15.67
117 18.67
118 58.67
119 90.33
120 47.60
121 34.25
123 49.25
124 36.00
125 56.00
126 45.25
127 49.83
128 31.00
129 84.00
130 45.62
131 26.50
132 47.50
133 70.67
134 101.50
135 128.75
136 74.00
137 61.20
138 71.00
140 87.00
141 72.00
143 59.50
144 96.00
145 72.25
146 46.00
147 56.00
148 89.60
149 31.20
150 43.00
151 22.25
152 41.75
153 45.00
154 86.00
155 116.00
156 52.00
157 95.00
158 80.25
159 76.67
160 13.00
161 57.25
163 38.00
164 76.50
165 57.00
166 2.50
167 55.50
168 59.20
169 68.00
170 29.57
171 131.00
172 116.17
173 75.00
174 80.20
175 26.00
176 33.00
177 56.50
178 102.25
179 56.00
180 11.00
181 34.67
182 105.00
183 75.17
184 95.00
185 29.60
186 99.33
187 14.00
188 39.50
189 222.00
190 102.50
191 50.33
192 140.33
193 204.00
194 42.00
195 75.00
196 24.00
197 78.67
198 44.50
199 43.50
200 58.33
201 89.00
202 58.60
203 74.33
204 82.80
205 48.25
206 97.00
207 73.80
208 47.25
209 145.17
210 33.00
211 83.67
213 63.00
214 43.75
215 77.00
216 58.00
217 42.88
218 57.00
219 152.00
220 45.75
221 45.33
222 1.00
223 65.00
224 39.50
225 72.00
226 82.67
227 32.00
228 221.00
229 33.00
230 48.25
231 37.00
232 92.25
233 18.50
234 65.80
235 61.67
236 14.00
237 65.00
238 44.00
239 84.75
240 55.00
241 39.00
242 76.33
243 12.00
245 16.40
246 26.00
247 109.00
248 103.50
249 72.40
250 36.00
251 35.00
252 79.00
253 76.33
254 8.33
255 50.33
256 76.00
257 57.67
258 66.50
259 33.17
260 71.50
261 55.67
262 22.00
263 98.00
264 59.67
265 55.80
266 59.50
268 36.33
269 32.00
270 48.00
271 12.50
272 173.00
273 82.67
274 75.00
275 77.60
276 63.00
277 71.75
278 31.00
279 91.00
280 123.00
281 50.60
282 56.00
283 60.00
284 102.33
285 21.75
286 126.00
287 46.00
288 57.50
289 31.60
290 48.25
291 207.00
292 35.00
293 32.00
294 43.00
295 52.33
296 3.00
297 154.00
298 58.00
300 27.33
301 27.75
302 74.80
303 171.25
304 75.00
305 39.00
306 48.00
307 59.44
308 54.33
309 58.00
310 52.43
311 69.25
312 62.50
313 18.00
314 77.33
315 13.00
316 117.00
317 71.67
319 60.50
320 84.00
321 109.50
322 37.60
323 54.33
324 28.00
325 13.00
326 47.80
327 55.00
328 35.33
329 36.67
330 66.00
331 67.60
332 186.00
333 64.00
334 177.00
335 65.86
336 15.67
337 100.00
339 110.50
340 64.75
341 46.40
342 4.00
343 17.20
344 83.50
345 98.40
346 57.33
347 122.50
348 122.67
349 95.75
350 115.50
351 55.75
352 61.50
353 35.00
354 92.67
355 37.00
356 49.50
357 95.00
358 64.67
359 19.00
360 48.00
361 8.00
362 82.75
363 21.00
364 24.00
365 61.00
366 115.00
367 13.50
368 96.33
369 37.75
370 30.00
371 26.75
372 85.50
373 66.67
374 25.50
375 65.25
376 81.00
377 25.00
378 94.00
379 55.20
380 29.33
381 46.17
382 106.50
383 73.33
384 30.00
385 91.00
386 96.75
387 49.00
388 130.00
389 74.00
390 37.50
391 87.00
392 14.00
393 59.67
394 51.00
395 38.25
397 39.40
398 59.00
399 59.50
400 54.40
401 16.50
402 83.67
403 25.00
404 161.33
405 74.00
406 17.00
407 120.67
408 40.67
409 45.50
410 50.00
411 49.50
412 75.80
413 39.33
414 42.00
415 42.33
416 14.00
417 38.50
418 131.00
419 54.67
420 50.50
421 67.00
422 63.00
423 43.17
424 50.67
425 70.50
426 91.00
427 49.00
429 72.22
430 19.67
431 76.50
432 125.00
433 55.00
434 53.50
435 42.60
436 45.50
437 46.50
438 73.67
439 70.60
440 85.00
441 40.50
442 53.00
443 45.20
444 0.00
445 73.17
446 29.33
447 36.00
448 140.67
449 41.00
450 102.00
451 17.50
452 64.43
453 96.40
454 53.33
455 20.50
456 23.50
457 67.33
458 5.50
459 112.00
460 123.00
461 123.00
462 53.33
463 38.00
464 38.50
465 157.00
466 18.50
467 97.33
468 50.00
469 65.00
470 47.20
471 59.25
472 23.00
473 17.00
474 94.57
475 33.50
476 30.67
477 57.33
478 34.50
479 45.00
480 77.00
481 114.67
482 47.00
483 71.86
484 96.00
485 35.00
487 156.00
488 22.67
489 36.00
490 13.00
491 10.00
492 68.80
493 69.67
494 103.50
495 53.80
496 51.67
497 37.50
498 34.80
499 129.40
500 58.33
501 26.00
502 55.60
503 63.38
504 63.50
505 110.00
506 85.00
507 19.50
508 34.00
511 29.25
512 70.50
513 146.00
514 150.50
515 82.00
516 81.50
517 49.67
518 104.50
519 52.50
520 30.50
521 153.67
522 33.60
523 16.50
524 55.75
525 47.80
526 40.50
527 26.50
528 25.00
529 97.67
530 92.00
531 96.67
532 23.00
533 174.00
534 54.50
535 52.00
536 22.00
537 58.75
538 50.00
539 24.00
540 5.00
541 82.00
542 46.00
543 55.00
544 33.20
545 21.00
546 23.00
547 26.00
548 75.50
549 29.33
550 63.25
551 64.00
552 29.00
553 109.00
554 51.33
555 40.75
556 85.80
558 131.00
559 57.29
560 104.67
561 51.00
562 73.67
563 33.60
564 83.50
565 29.71
566 36.50
567 63.00
568 27.00
569 16.00
570 174.00
571 27.00
572 122.00
573 123.50
574 85.00
576 15.33
577 81.75
578 79.00
580 17.00
581 32.29
582 85.00
583 92.00
584 3.00
585 67.75
586 235.00
587 105.00
588 42.50
589 65.00
590 87.00
591 34.50
592 62.33
593 70.80
594 47.00
595 68.50
596 81.00
597 22.00
598 3.00
599 47.50
600 33.00
601 61.00
602 78.00
603 57.67
604 95.00
605 68.60
606 71.00
607 74.75
608 74.80
609 92.67
610 74.00
611 31.33
612 61.00
613 102.33
614 45.33
615 29.33
616 30.00
617 85.33
618 86.67
619 56.50
620 18.00
621 78.33
622 61.00
623 7.00
624 114.33
625 22.00
626 90.38
627 65.00
628 39.00
630 76.00
631 53.50
632 85.60
633 128.00
634 30.33
635 103.50
636 130.50
637 79.00
638 101.80
639 80.40
640 35.00
641 40.00
642 11.00
643 18.00
644 10.00
645 62.00
646 105.50
647 75.25
648 248.00
649 38.60
650 33.50
651 44.75
652 57.29
653 116.00
654 22.50
655 94.60
656 78.40
658 83.40
659 47.50
660 64.00
661 81.00
662 78.00
663 35.00
664 105.00
665 44.29
666 38.50
667 67.33
668 53.00
669 65.25
670 66.33
671 95.40
672 65.00
673 66.67
674 46.00
675 119.00
676 129.00
677 24.00
678 111.00
679 67.17
680 81.25
681 60.60
682 63.00
683 74.50
684 86.78
685 97.75
686 48.50
687 62.33
688 8.00
690 54.60
691 86.50
692 152.00
693 80.50
694 46.33
695 63.00
696 47.50
697 80.00
698 39.00
699 24.50
700 58.25
701 68.50
702 74.40
703 124.00
704 7.33
705 119.80
706 42.00
707 74.50
708 27.67
709 5.50
710 19.00
711 101.00
712 74.60
713 28.25
714 36.50
715 95.00
717 32.67
718 112.80
719 85.00
720 28.00
721 27.20
722 13.50
723 21.00
724 88.33
725 5.00
726 52.00
727 49.00
728 93.60
729 60.00
730 160.50
731 57.75
732 115.50
733 38.00
734 69.50
735 93.50
736 215.00
738 60.50
739 43.00
740 35.33
741 21.00
742 10.00
743 22.67
744 63.57
745 37.20
746 44.20
747 60.00
748 19.00
749 65.80
750 36.67
751 47.00
752 41.00
753 112.17
754 77.60
755 48.00
756 69.33
757 119.50
758 94.33
759 45.20
760 67.00
761 38.50
762 53.20
763 31.50
764 72.14
765 99.00
766 32.00
768 54.50
769 20.00
770 68.50
771 165.00
772 51.50
773 54.75
774 29.71
775 68.75
776 23.33
777 90.75
778 72.00
779 62.25
780 47.50
781 31.75
782 46.00
783 35.00
784 56.67
785 27.00
786 25.00
787 15.50
790 52.33
791 37.40
792 57.00
793 21.50
794 50.75
795 176.00
796 3.50
797 39.00
798 121.00
799 20.50
800 128.50
801 43.20
802 115.75
803 33.20
804 17.75
805 50.33
806 33.50
807 45.00
808 46.25
809 98.00
810 43.00
811 72.00
812 150.50
813 42.75
815 43.50
817 114.00
818 51.00
819 71.25
820 61.75
821 29.20
822 92.43
823 64.20
824 46.00
825 102.50
826 6.00
827 43.75
828 113.75
829 66.50
830 65.25
831 35.50
832 53.75
833 63.33
834 98.25
835 1.00
836 109.50
837 13.00
838 39.57
839 91.00
840 55.00
841 21.50
842 35.00
843 102.50
844 26.00
845 33.00
846 2.00
848 2.50
849 119.50
850 42.67
851 73.60
852 33.75
853 55.00
854 111.33
855 37.00
856 56.67
858 15.00
859 41.00
860 35.75
861 15.67
862 70.00
863 98.00
864 38.00
865 27.00
866 30.00
867 9.00
868 53.00
869 47.00
871 127.00
872 73.00
873 35.83
874 107.00
875 35.00
876 70.50
877 97.67
878 28.33
879 46.60
880 75.00
881 58.00
882 21.50
883 128.00
884 70.25
885 107.00
886 20.00
887 112.00
888 65.00
889 118.33
891 33.33
892 11.00
893 35.00
894 56.40
895 37.67
896 55.25
897 17.00
898 38.00
900 75.75
901 20.50
902 66.50
903 74.33
904 161.00
905 113.00
906 100.00
907 107.00
909 176.50
910 181.00
911 85.50
912 68.00
914 37.80
915 31.50
916 117.33
917 37.50
918 7.50
919 83.25
920 31.50
921 97.50
922 138.00
923 36.75
924 92.33
925 46.00
926 121.25
927 79.00
928 74.50
929 92.20
930 117.00
931 85.00
932 47.50
933 55.00
934 74.00
935 70.00
936 56.88
937 31.00
938 49.00
939 79.00
940 66.67
941 50.80
942 77.00
943 44.67
944 51.75
945 68.50
946 45.00
947 142.33
948 52.29
949 69.60
950 123.00
951 94.00
952 97.50
953 70.50
954 27.67
955 80.67
956 64.67
957 19.25
958 36.60
959 80.50
960 22.50
961 13.00
962 78.00
963 57.00
964 51.67
965 66.57
966 87.00
967 113.00
968 29.43
969 47.40
970 46.00
971 74.33
972 87.33
973 27.75
974 97.00
975 43.50
976 67.50
977 62.00
978 70.00
980 249.00
981 64.00
982 57.00
983 46.60
984 79.33
986 120.50
987 27.00
988 40.00
989 56.67
990 91.33
991 66.43
992 25.00
993 128.33
995 33.25
996 29.00
997 89.67
998 144.00
999 50.80
1000 32.00
1001 31.00
1002 50.50
1003 142.50
1004 108.67
1005 30.50
1006 64.00
1007 48.50
1008 75.00
1009 30.00
1010 17.33
1011 230.00
1012 51.00
1013 88.00
1014 49.67
1015 168.00
1016 51.25
1017 85.50
1018 74.00
1019 54.25
1020 29.67
1021 56.67
1022 43.00
1023 114.50
1024 79.00
1025 62.80
1026 151.50
1027 71.50
1028 38.75
1029 62.67
1030 82.00
1031 99.33
1032 52.20
1033 52.67
1035 84.50
1036 45.50
1038 81.50
1039 37.67
1041 77.33
1042 76.50
1043 123.00
1044 47.67
1045 54.50
1046 77.00
1047 77.25
1048 231.00
1049 89.00
1050 47.00
1051 128.50
1052 89.00
1053 121.50
1054 16.33
1055 56.33
1056 60.67
1057 70.00
1058 166.00
1059 99.50
1060 32.00
1061 48.25
1062 11.00
1063 47.50
1064 20.00
1065 135.00
1066 73.20
1067 74.00
1068 46.00
1069 27.00
1070 74.20
1071 66.50
1072 105.67
1073 33.00
1074 154.00
1075 31.71
1076 20.50
1077 51.00
1078 82.50
1079 80.00
1080 50.50
1082 25.50
1083 77.00
1084 17.25
1085 16.67
1086 125.00
1087 28.33
1088 58.25
1089 46.50
1090 37.83
1092 40.67
1093 45.75
1094 55.33
1095 93.33
1096 41.00
1097 81.83
1098 62.40
1100 128.00
1101 53.40
1102 61.00
1103 74.25
1104 23.33
1105 101.20
1106 55.00
1107 82.33
1108 53.00
1109 28.50
1110 59.00
1111 80.00
1112 134.50
1113 71.25
1114 56.33
1115 36.00
1116 49.75
1117 62.75
1118 57.50
1119 45.00
1120 27.67
1121 83.00
1122 51.00
1123 50.00
1124 55.75
1125 70.50
1126 32.33
1127 18.50
1128 32.00
1129 44.50
1130 69.75
1131 45.00
1132 41.50
1134 52.33
1135 62.00
1136 70.50
1137 84.40
1138 82.50
1139 31.00
1140 34.50
1141 143.25
1142 49.00
1143 69.20
1144 117.00
1145 108.50
1146 86.20
1147 31.00
1148 28.50
1149 62.67
1150 104.33
1151 121.33
1152 77.75
1154 89.50
1155 38.00
1156 98.50
1157 46.00
1158 91.80
1159 20.25
1160 44.50
1161 87.25
1162 59.00
1163 41.00
1164 43.40
1165 70.00
1166 62.50
1167 86.00
1168 82.80
1169 76.00
1170 95.00
1171 97.33
1172 31.00
1173 21.00
1174 21.67
1175 78.00
1176 39.00
1177 40.00
1178 112.00
1179 96.00
1180 13.40
1181 65.67
1182 49.25
1183 84.00
1184 7.00
1185 83.25
1186 67.00
1188 65.50
1189 43.00
1190 138.50
1191 83.75
1192 61.33
1193 50.00
1194 105.00
1195 22.75
1196 48.25
1197 0.00
1198 29.50
1199 59.75
1200 43.67
1201 148.50
1202 59.00
1203 33.33
1204 3.00
1205 52.33
1206 16.60
1207 2.00
1208 86.50
1209 124.80
1210 13.00
1211 9.50
1212 22.50
1213 72.33
1214 78.33
1215 105.50
1216 47.60
1218 62.00
1219 11.00
1220 76.25
1221 17.00
1222 43.67
1223 51.33
1224 76.40
1225 91.50
1226 47.00
1227 68.00
1228 30.00
1229 80.20
1230 57.00
1231 35.40
1232 29.50
1233 97.33
1234 51.50
1235 17.33
1236 62.00
1237 60.14
1238 72.25
1239 60.40
1240 61.00
1241 51.00
1242 50.17
1243 155.00
1244 117.00
1246 41.33
1247 40.25
1248 67.50
1249 232.00
1250 77.60
1251 34.00
1252 55.33
1253 69.00
1254 48.75
1255 77.00
1256 44.67
1257 136.00
1258 25.00
1259 56.00
1260 98.20
1261 72.17
1262 44.33
1263 32.00
1264 65.75
1266 41.00
1267 37.80
1268 76.00
1269 4.00
1270 59.67
1271 116.00
1272 28.67
1273 30.00
1274 53.75
1275 37.25
1276 113.00
1277 40.00
1278 57.83
1280 73.67
1281 34.50
1282 116.33
1283 92.75
1284 44.00
1285 71.00
1286 67.86
1287 65.25
1288 81.60
1289 31.00
1290 64.80
1291 42.00
1292 66.00
1293 61.50
1294 30.75
1295 61.33
1296 43.75
1297 52.00
1298 87.40
1299 34.50
1300 93.00
1301 55.00
1302 64.50
1303 40.33
1304 11.00
1305 80.00
1306 78.50
1307 34.67
1308 52.50
1309 47.75
1310 99.33
1311 26.20
1312 47.00
1313 39.00
1314 46.67
1315 173.67
1316 44.00
1317 69.33
1318 5.00
1319 9.00
1320 29.00
1321 88.00
1322 152.50
1323 68.00
1324 193.50
1325 165.00
1326 59.00
1327 90.33
1328 63.33
1329 67.50
1330 53.00
1331 45.83
1332 39.20
1333 180.50
1334 4.50
1335 95.50
1336 81.50
1337 41.00
1338 59.33
1339 66.33
1340 69.00
1341 55.33
1342 53.75
1343 46.33
1344 13.25
1346 37.00
1347 35.67
1348 155.33
1349 76.25
1350 69.14
1351 47.00
1352 24.33
1353 48.50
1354 140.00
1355 53.50
1356 135.00
1357 28.67
1358 26.50
1359 76.33
1360 43.00
1361 164.67
1362 107.60
1363 144.00
1364 64.33
1365 41.67
1366 67.33
1367 43.00
1368 55.00
1369 28.75
1370 48.00
1371 52.00
1372 136.00
1373 105.80
1374 71.00
1375 64.20
1376 47.75
1377 16.00
1378 28.00
1379 88.25
1380 27.00
1381 33.00
1382 63.67
1383 74.00
1385 104.67
1386 37.00
1387 154.00
1388 100.33
1389 3.00
1390 53.00
1391 37.25
1392 28.67
1393 57.17
1394 15.00
1395 152.50
1396 134.00
1397 40.62
1398 56.67
1399 49.00
1400 44.00
1401 113.80
1402 44.64
1403 35.00
1405 83.00
1406 60.00
1407 34.00
1408 61.00
1409 64.00
1410 37.33
1411 49.00
1412 54.33
1413 64.00
1414 53.50
1415 135.00
1416 61.00
1417 68.25
1418 48.67
1419 132.50
1420 45.17
1421 85.33
1422 70.33
1423 146.00
1424 34.00
1425 46.50
1426 48.50
1427 48.11
1428 123.50
1429 79.33
1430 186.50
1431 161.00
1432 73.25
1433 75.50
1434 112.50
1435 92.60
1437 79.67
1438 103.00
1439 31.50
1440 43.50
1441 20.00
1442 23.50
1443 91.50
1444 30.50
1445 74.50
1447 63.40
1448 152.50
1449 10.00
1450 110.00
1451 58.50
1452 79.83
1453 35.00
1454 63.00
1455 95.00
1456 18.40
1457 70.00
1458 40.67
1459 28.50
1460 33.50
1461 42.33
1462 38.00
1463 69.20
1465 36.00
1467 35.00
1468 24.00
1469 28.50
1470 48.00
1471 53.00
1472 77.00
1473 68.33
1474 54.80
1475 73.33
1476 49.25
1477 107.00
1478 262.00
1479 56.50
1480 11.00
1481 36.50
1482 90.00
1483 66.50
1484 48.80
1485 53.00
1486 37.25
1487 70.50
1488 34.00
1489 126.00
1490 44.75
1491 96.25
1492 67.88
1493 53.00
1494 114.00
1495 33.50
1496 20.00
1497 28.33
1498 58.00
1499 45.00
1500 95.75
1501 41.50
1502 66.00
1503 130.00
1504 31.33
1505 37.00
1506 76.67
1507 41.00
1508 59.00
1509 38.00
1510 27.67
1511 64.67
1512 57.67
1513 75.00
1514 52.00
1515 51.00
1516 31.20
1517 16.00
1518 40.25
1519 69.00
1520 32.20
1521 50.33
1522 135.00
1524 27.00
1525 87.75
1526 36.75
1528 36.00
1530 48.50
1531 71.80
1532 75.00
1533 68.50
1535 61.00
1536 99.00
1537 95.50
1538 36.00
1539 101.50
1540 50.67
1541 31.50
1542 59.44
1543 74.67
1544 63.33
1545 36.80
1546 24.00
1548 52.67
1549 49.67
1550 84.67
1551 66.60
1552 41.50
1553 46.75
1554 158.00
1555 38.00
1556 27.00
1557 115.33
1558 32.50
1559 53.00
1560 55.67
1561 35.29
1562 37.20
1563 71.17
1564 127.00
1565 58.00
1566 127.25
1567 65.50
1568 39.00
1569 86.20
1570 53.00
1571 19.00
1572 84.50
1573 50.00
1574 85.00
1575 61.75
1576 24.57
1577 35.50
1578 70.00
1579 38.33
1580 27.25
1581 75.50
1582 139.00
1583 29.00
1584 23.00
1585 108.50
1586 86.50
1587 85.50
1588 26.00
1589 46.50
1590 123.25
1591 97.75
1592 137.00
1593 78.50
1594 17.00
1595 204.00
1596 21.00
1597 30.20
1598 39.00
1599 64.67
1600 59.00
1601 21.00
1603 47.17
1604 72.50
1605 82.33
1606 55.00
1607 130.50
1608 25.80
1610 48.17
1611 79.50
1612 86.75
1613 128.00
1614 24.00
1616 26.00
1617 41.00
1618 45.50
1619 36.75
1620 102.00
1621 28.67
1622 75.00
1623 63.33
1624 48.67
1625 77.00
1626 36.00
1627 92.50
1628 90.50
1629 38.80
1631 73.00
1633 93.00
1634 123.33
1635 73.00
1636 4.00
1637 52.50
1638 30.50
1639 42.50
1640 113.00
1641 25.25
1642 54.25
1643 105.67
1644 98.50
1645 36.14
1646 27.50
1647 61.00
1648 122.50
1649 30.50
1650 68.50
1651 35.60
1652 82.00
1653 36.00
1654 36.80
1655 79.25
1656 57.20
1657 62.33
1658 96.50
1659 38.80
1660 116.00
1661 9.00
1662 113.40
1663 96.75
1664 130.67
1665 26.80
1666 65.00
1667 55.67
1668 36.00
1669 68.67
1670 75.50
1671 66.00
1672 30.00
1673 53.50
1674 73.00
1675 91.25
1677 41.50
1678 36.50
1679 210.00
1680 60.00
1681 38.00
1682 57.17
1683 43.33
1684 4.00
1685 36.33
1686 27.00
1687 36.00
1688 73.00
1689 92.33
1691 52.00
1692 22.50
1693 14.50
1694 75.33
1695 67.67
1696 12.50
1697 38.00
1698 45.67
1699 127.00
1700 38.00
1701 108.00
1702 45.00
1703 65.60
1704 28.00
1705 58.75
1706 73.67
1707 54.50
1708 46.43
1709 27.00
1710 27.25
1711 3.00
1712 57.00
1713 103.00
1714 82.00
1715 24.80
1716 64.00
1717 56.40
1718 115.60
1719 90.50
1720 41.00
1721 36.50
1722 55.00
1723 132.33
1724 43.38
1725 4.50
1726 37.00
1727 48.75
1728 65.50
1729 76.00
1730 107.00
1731 147.00
1732 16.50
1733 66.33
1734 36.33
1735 59.25
1736 88.57
1737 46.33
1738 68.50
1739 15.00
1740 114.50
1741 42.67
1743 2.00
1744 102.50
1745 22.20
1746 51.80
1747 147.00
1748 41.00
1749 46.00
1750 59.50
1751 61.50
1752 85.33
1754 53.50
1755 136.00
1756 84.60
1757 68.00
1758 22.00
1759 67.75
1760 100.00
1761 91.00
1762 30.71
1763 116.50
1765 64.25
1766 148.00
1767 39.80
1768 61.00
1771 100.50
1772 141.50
1773 109.33
1774 84.00
1776 59.80
1778 14.00
1779 50.75
1780 74.67
1782 104.50
1783 103.80
1784 40.50
1785 39.00
1786 35.25
1787 14.50
1788 50.60
1789 35.67
1790 66.75
1791 67.00
1792 43.00
1793 56.25
1794 16.00
1795 196.00
1796 152.00
1797 54.00
1798 161.00
1799 59.33
1800 26.00
1801 69.00
1802 67.67
1803 65.00
1804 43.00
1805 29.33
1806 20.00
1807 2.00
1808 100.00
1809 61.50
1810 42.67
1811 62.60
1812 12.00
1813 4.00
1814 68.00
1815 55.00
1816 117.00
1817 86.67
1818 49.00
1819 27.00
1820 153.00
1821 61.33
1822 5.00
1823 47.50
1824 36.50
1825 46.00
1826 33.50
1827 93.17
1828 39.50
1829 41.50
1830 44.50
1832 30.33
1833 95.50
1834 47.50
1835 72.00
1837 27.00
1838 48.00
1839 65.00
1840 46.11
1841 29.50
1843 94.00
1844 36.00
1845 43.25
1846 37.71
1847 55.67
1848 88.67
1849 83.00
1850 33.00
1851 82.43
1852 86.75
1854 32.40
1855 94.00
1856 6.50
1857 125.00
1858 153.00
1859 76.00
1860 71.00
1861 75.00
1862 114.00
1863 57.50
1864 72.40
1865 29.67
1866 100.50
1867 131.00
1868 22.80
1869 69.33
1870 43.00
1871 45.14
1872 30.50
1873 81.50
1875 79.00
1876 75.62
1877 30.00
1878 61.75
1879 112.00
1880 73.25
1881 67.00
1882 72.20
1883 64.00
1884 37.00
1885 44.00
1886 100.00
1887 14.50
1888 142.33
1889 106.67
1890 48.25
1891 28.67
1892 39.75
1893 23.50
1894 91.50
1895 33.25
1896 42.00
1897 39.00
1898 115.80
1899 50.75
1900 77.00
1901 60.00
1902 111.50
1903 132.00
1904 91.50
1905 77.75
1906 7.00
1907 71.00
1908 63.75
1909 18.33
1910 70.50
1911 50.25
1912 46.50
1913 97.40
1914 59.00
1915 79.25
1916 16.50
1917 42.86
1918 78.83
1919 17.00
1920 67.33
1921 18.00
1922 8.50
1923 25.00
1924 32.25
1925 57.00
1926 95.25
1927 54.00
1928 24.00
1930 72.00
1931 107.00
1932 70.00
1933 29.00
1934 72.00
1935 169.50
1936 46.75
1937 197.50
1938 40.75
1939 170.00
1940 45.00
1941 85.00
1943 71.50
1944 37.00
1945 56.00
1946 144.00
1947 46.20
1948 54.50
1949 20.00
1950 33.80
1951 78.14
1952 62.67
1953 57.25
1954 39.00
1955 27.75
1956 13.00
1957 45.50
1958 62.33
1959 33.33
1960 44.00
1962 83.00
1963 56.20
1964 124.25
1965 45.50
1966 49.00
1967 40.00
1968 49.00
1969 89.25
1970 64.50
1971 15.67
1972 58.80
1973 83.00
1974 48.57
1975 26.00
1976 78.00
1977 15.67
1978 102.00
1980 58.33
1981 119.00
1982 78.50
1983 101.00
1984 92.50
1986 53.00
1987 160.33
1988 96.00
1989 8.00
1990 24.00
1991 44.00
1992 58.00
1993 89.25
1994 74.00
1995 44.00
1996 27.00
1997 60.00
1998 42.00
1999 41.00
2000 9.00
2001 95.50
2002 48.00
2003 17.00
2004 57.43
2005 224.00
2006 47.00
2007 11.75
2008 57.00
2009 98.25
2010 75.60
2011 98.17
2012 76.50
2013 35.50
2014 50.67
2015 48.00
2016 43.00
2017 23.00
2018 83.50
2019 142.50
2020 72.80
2021 10.00
2022 47.50
2023 5.00
2024 21.00
2025 66.00
2026 41.00
2027 46.67
2028 115.20
2030 94.00
2031 72.00
2032 70.00
2033 29.25
2034 94.80
2035 46.00
2036 125.00
2037 79.00
2038 47.00
2039 46.67
2041 53.00
2042 8.00
2043 2.00
2044 56.75
2045 33.00
2046 41.00
2047 58.00
2048 134.00
2050 9.00
2051 81.43
2052 107.00
2053 82.50
2054 119.33
2055 29.50
2057 105.00
2059 101.80
2060 61.83
2061 56.50
2062 32.20
2063 49.00
2064 57.60
2065 128.00
2066 103.75
2067 13.67
2068 32.67
2069 75.50
2071 52.00
2072 30.00
2073 55.00
2074 127.00
2075 69.50
2076 118.67
2077 38.00
2078 47.00
2079 115.00
2080 65.83
2081 72.60
2082 52.00
2083 73.80
2084 56.00
2085 37.50
2086 69.50
2087 69.40
2088 35.50
2089 27.00
2090 87.50
2091 8.50
2092 163.00
2093 4.50
2094 33.25
2095 32.40
2096 76.00
2097 5.00
2098 120.67
2099 54.00
2100 54.00
2101 55.33
2102 18.00
2103 30.50
2104 25.25
2105 58.00
2106 73.50
2107 69.00
2109 88.86
2110 71.25
2111 70.33
2112 58.00
2113 46.33
2114 22.50
2115 79.00
2116 92.00
2117 123.50
2118 97.33
2119 33.75
2120 30.00
2121 58.60
2122 66.75
2123 103.00
2124 100.20
2125 31.20
2126 78.60
2127 44.50
2128 51.00
2129 43.00
2130 93.00
2131 119.60
2132 55.67
2134 67.33
2135 65.25
2136 32.60
2137 86.33
2138 128.00
2139 0.00
2140 69.50
2141 57.00
2142 73.50
2143 35.00
2144 62.50
2145 19.50
2146 37.50
2147 61.00
2148 63.33
2150 93.00
2151 115.00
2152 65.00
2153 109.67
2154 41.00
2155 38.50
2156 63.00
2157 20.67
2158 40.00
2159 88.75
2160 85.83
2162 26.00
2163 106.50
2164 118.67
2165 135.00
2166 28.00
2167 81.67
2168 78.17
2169 76.50
2170 18.00
2171 83.00
2172 31.50
2173 98.00
2175 26.50
2177 142.60
2178 47.80
2179 46.50
2180 93.80
2181 79.00
2182 125.50
2184 27.00
2185 45.75
2186 76.25
2187 17.00
2188 38.67
2189 65.25
2190 61.00
2191 46.00
2192 12.67
2193 56.75
2194 39.00
2195 199.00
2196 116.00
2197 193.00
2198 106.00
2199 25.33
2200 67.00
2201 115.50
2202 62.25
2203 11.50
2204 101.00
2205 43.83
2206 59.50
2207 19.50
2208 99.00
2209 122.67
2210 164.00
2211 58.50
2212 83.00
2213 32.25
2214 59.00
2215 41.50
2216 7.00
2217 50.60
2218 121.00
2219 63.00
2220 92.00
2221 66.80
2222 83.00
2223 88.00
2224 16.67
2225 26.00
2226 67.00
2227 62.50
2228 45.00
2229 110.00
2230 70.75
2231 0.00
2232 72.00
2233 153.67
2234 61.50
2235 46.00
2236 34.20
2237 61.44
2239 46.60
2241 175.00
2242 56.40
2243 47.75
2244 101.00
2245 105.67
2246 118.00
2248 7.50
2249 11.00
2250 79.50
2251 77.75
2252 98.00
2253 110.00
2254 95.00
2256 51.00
2257 77.25
2258 81.25
2259 106.17
2260 56.50
2261 41.17
2262 121.67
2263 65.33
2264 74.50
2265 71.60
2266 65.40
2267 79.50
2268 48.75
2269 73.33
2270 37.00
2271 65.00
2272 4.50
2273 112.75
2274 41.00
2275 87.00
2276 87.00
2277 72.00
2278 50.25
2279 72.67
2280 69.33
2281 76.80
2282 20.00
2283 13.00
2284 31.33
2285 133.50
2286 6.00
2287 38.33
2288 34.00
2289 78.50
2290 115.88
2291 88.00
2292 27.00
2293 23.50
2294 82.50
2295 23.00
2296 62.83
2297 38.43
2298 93.71
2299 129.83
2300 58.60
2301 77.57
2302 124.00
2304 60.67
2305 5.33
2307 86.00
2308 133.33
2309 32.75
2310 12.00
2311 60.00
2312 77.25
2313 63.33
2314 102.00
2315 58.25
2316 53.00
2317 70.00
2318 72.60
2319 48.17
2320 14.25
2321 26.00
2322 27.00
2323 44.50
2324 75.67
2325 132.67
2326 37.50
2327 76.50
2328 45.25
2329 43.00
2330 54.71
2331 50.50
2332 151.00
2333 0.00
2334 69.25
2335 14.60
2336 72.00
2337 46.20
2338 11.50
2339 70.50
2340 119.25
2341 82.33
2342 24.00
2343 57.80
2344 54.80
2345 30.33
2346 56.60
2348 85.80
2349 58.00
2350 100.00
2351 155.00
2352 20.00
2353 35.75
2354 32.00
2355 39.00
2356 59.00
2357 87.83
2358 37.40
2359 176.00
2360 92.50
2361 31.00
2362 27.00
2363 22.00
2365 75.50
2366 37.00
2367 34.50
2368 163.00
2369 71.00
2370 25.00
2371 73.00
2372 48.00
2373 213.00
2374 89.33
2375 52.33
2376 31.00
2377 101.75
2378 49.75
2379 49.00
2380 151.00
2381 64.67
2382 71.00
2383 55.25
2384 57.75
2385 47.67
2386 26.00
2387 123.50
2388 50.00
2389 6.00
2390 18.50
2391 74.00
2392 1.00
2393 100.20
2395 20.00
2396 35.50
2397 64.33
2398 61.50
2399 21.20
2400 41.00
2401 98.00
2402 68.60
2403 100.00
2404 138.50
2405 63.50
2406 121.00
2407 46.50
2408 131.00
2409 6.00
2410 89.00
2411 107.33
2412 102.75
2414 57.75
2415 46.80
2416 12.00
2417 121.50
2418 33.25
2419 35.50
2420 17.00
2421 254.00
2422 27.00
2423 108.00
2424 43.00
2425 107.00
2426 79.00
2427 57.00
2428 31.50
2429 50.00
2431 58.50
2432 66.00
2433 94.00
2434 51.67
2435 114.50
2436 64.00
2437 88.60
2438 38.50
2439 34.00
2440 33.00
2441 37.67
2443 38.17
2444 49.00
2445 60.60
2446 55.33
2447 31.00
2448 44.50
2450 62.33
2451 85.00
2452 43.00
2453 58.00
2454 69.00
2456 43.00
2457 45.00
2458 51.50
2459 32.50
2460 56.50
2461 49.00
2462 44.00
2463 53.60
2464 65.00
2465 33.60
2466 53.50
2467 43.00
2468 90.00
2469 56.67
2470 11.50
2471 45.00
2472 105.50
2473 16.75
2474 48.50
2475 20.00
2476 95.50
2477 107.75
2478 73.00
2479 25.00
2480 69.33
2481 26.50
2482 34.50
2483 70.57
2484 112.00
2485 86.67
2486 74.00
2487 30.67
2488 21.00
2489 92.00
2490 163.67
2491 64.33
2492 49.80
2493 35.67
2494 71.67
2495 48.00
2496 80.00
2497 48.57
2498 25.00
2499 55.50
2500 145.00
2501 47.00
2502 12.67
2503 129.00
2504 43.50
2505 31.67
2506 87.50
2507 107.67
2508 62.00
2509 178.00
2510 126.25
2511 28.00
2512 38.60
2513 55.00
2514 33.50
2515 59.60
2516 34.00
2517 60.20
2518 30.67
2519 36.60
2520 54.17
2521 28.50
2522 37.00
2523 68.00
2524 47.50
2525 35.86
2527 83.33
2528 16.33
2529 25.67
2530 60.00
2531 32.67
2532 70.25
2533 29.00
2535 81.00
2536 43.75
2537 156.33
2538 58.00
2539 17.00
2540 36.67
2541 34.00
2542 53.00
2543 135.00
2544 131.67
2545 30.50
2546 53.67
2547 62.00
2548 2.67
2549 48.00
2550 56.00
2551 87.50
2552 83.25
2553 75.00
2554 102.33
2555 27.00
2556 44.00
2557 4.00
2558 59.40
2559 41.50
2560 139.33
2561 17.00
2562 37.50
2564 78.57
2565 83.75
2566 40.20
2567 65.00
2568 9.00
2569 78.67
2570 27.00
2571 58.50
2572 94.33
2573 55.33
2574 19.00
2577 70.17
2578 123.00
2579 65.60
2580 47.67
2581 78.00
2582 35.67
2583 6.50
2584 26.00
2585 45.00
2586 62.00
2587 26.40
2588 23.00
2589 129.00
2590 85.50
2591 98.00
2592 92.00
2593 228.00
2594 19.50
2595 67.00
2597 101.50
2598 73.00
2599 100.50
2600 36.00
2601 15.33
2602 161.00
2603 44.14
2604 101.33
2605 73.50
2606 70.00
2607 19.00
2608 8.50
2609 216.00
2610 33.00
2611 143.40
2612 107.00
2613 46.00
2614 12.50
2615 56.00
2616 54.00
2617 15.00
2618 28.25
2619 55.50
2620 52.00
2621 3.00
2622 9.50
2623 56.67
2624 54.00
2625 130.00
2626 6.00
2627 67.50
2628 46.00
2629 42.00
2630 11.00
2631 48.00
2632 67.00
2633 64.20
2634 60.00
2635 43.00
2636 141.67
2637 37.00
2638 125.00
2639 27.80
2640 33.60
2641 49.00
2642 14.00
2643 67.20
2644 43.00
2645 44.50
2646 65.50
2647 64.00
2648 179.50
2649 43.50
2650 11.00
2651 18.00
2652 47.00
2653 43.50
2654 57.33
2655 66.75
2656 53.00
2657 58.50
2658 3.00
2659 66.00
2660 40.00
2661 53.50
2662 12.67
2663 47.00
2664 57.00
2665 27.00
2667 31.75
2668 47.00
2669 53.80
2670 53.00
2671 126.00
2672 23.00
2673 127.50
2674 135.67
2675 21.50
2676 27.00
2677 45.60
2678 7.00
2679 31.80
2680 51.00
2681 64.50
2683 84.00
2684 53.00
2685 73.75
2686 28.00
2687 67.67
2688 123.33
2689 63.33
2690 79.33
2691 91.25
2692 100.00
2693 52.67
2694 51.40
2695 55.00
2696 9.67
2697 18.50
2698 21.00
2699 12.00
2700 29.33
2701 60.00
2702 98.83
2703 34.50
2704 26.33
2705 94.50
2707 71.67
2708 50.00
2709 125.00
2710 44.00
2711 71.50
2712 63.80
2713 127.80
2714 77.00
2715 37.00
2716 49.00
2717 65.50
2718 22.50
2719 43.67
2720 71.00
2721 32.50
2722 157.00
2723 65.67
2724 115.00
2725 52.00
2726 34.00
2727 43.50
2728 155.00
2729 104.50
2730 69.67
2731 65.67
2732 83.80
2733 72.00
2735 74.25
2736 127.67
2737 50.80
2739 17.00
2740 85.25
2741 26.80
2742 40.00
2743 82.00
2744 237.00
2745 22.50
2746 60.33
2747 99.62
2748 45.67
2749 78.00
2750 17.00
2751 33.50
2752 21.00
2753 101.00
2754 62.20
2755 70.00
2756 109.67
2757 26.67
2758 101.83
2759 21.80
2760 24.00
2761 219.50
2762 14.00
2763 79.00
2764 156.00
2765 78.50
2766 51.00
2767 53.00
2768 68.00
2769 132.00
2770 95.50
2771 23.00
2772 90.50
2773 51.33
2774 80.50
2775 269.00
2776 23.50
2777 58.00
2778 29.50
2779 86.20
2780 37.50
2782 57.00
2783 43.25
2784 90.80
2785 10.00
2786 82.20
2787 48.00
2789 120.50
2790 53.00
2791 37.00
2792 34.33
2793 49.00
2794 156.50
2795 83.00
2796 81.00
2797 31.00
2798 103.00
2799 27.67
2800 32.40
2801 51.25
2802 22.00
2803 54.20
2804 54.00
2805 106.00
2806 55.00
2807 69.60
2808 122.75
2809 81.00
2810 17.33
2811 3.50
2812 11.00
2813 63.33
2814 62.75
2816 76.67
2817 65.67
2818 77.50
2820 11.00
2821 62.22
2822 63.80
2823 43.00
2824 36.33
2825 74.00
2826 87.50
2827 58.50
2828 52.67
2829 40.29
2830 133.00
2831 59.00
2832 110.67
2833 69.00
2834 2.00
2835 157.50
2836 55.50
2839 92.25
2840 28.00
2841 100.00
2842 36.33
2843 56.00
2844 32.33
2845 64.00
2846 38.67
2847 78.33
2848 110.00
2849 60.00
2850 63.50
2851 39.00
2852 74.00
2853 21.33
2854 20.00
2855 21.00
2856 38.00
2857 35.00
2858 105.50
2859 54.00
2860 27.67
2861 96.67
2862 183.00
2863 124.75
2864 4.00
2865 47.80
2867 79.60
2868 23.00
2869 74.00
2870 11.50
2871 55.00
2872 77.00
2873 17.67
2874 42.80
2875 86.00
2876 78.00
2877 20.00
2878 30.50
2879 23.50
2880 113.50
2881 94.33
2882 41.00
2883 30.00
2884 58.00
2885 200.00
2886 75.33
2887 20.33
2888 34.50
2889 86.00
2890 39.00
2891 19.00
2892 55.00
2893 68.00
2895 40.00
2896 52.50
2897 44.50
2898 178.00
2899 40.00
2900 11.00
2901 33.00
2902 43.00
2903 58.12
2904 9.00
2905 54.57
2906 44.20
2907 26.67
2908 88.00
2909 33.00
2910 75.00
2911 45.50
2912 31.25
2913 51.00
2914 58.00
2915 46.00
2916 92.33
2917 98.75
2918 101.20
2919 27.00
2920 23.00
2921 33.67
2922 124.00
2923 20.50
2924 22.50
2925 59.60
2926 45.00
2927 70.50
2929 45.50
2930 80.25
2931 66.25
2932 14.00
2933 48.00
2934 59.33
2935 168.00
2936 73.00
2937 45.60
2938 74.33
2939 73.00
2941 56.60
2942 58.50
2943 32.50
2944 113.00
2945 64.00
2947 46.50
2948 54.00
2949 17.75
2950 57.00
2951 51.25
2952 31.40
2953 67.33
2954 71.00
2955 34.33
2956 165.00
2957 89.00
2958 21.50
2959 51.50
2960 9.00
2961 59.33
2962 84.33
2963 53.00
2964 83.50
2965 48.86
2967 100.25
2968 28.50
2969 90.00
2970 88.00
2971 71.00
2972 85.00
2973 59.33
2974 50.00
2975 74.00
2976 38.60
2978 61.00
2979 135.00
2980 108.00
2981 41.00
2982 73.17
2983 26.67
2984 98.50
2985 42.50
2986 83.67
2987 36.50
2988 30.25
2989 33.33
2990 31.33
2991 119.00
2992 34.50
2993 58.50
2994 37.00
2995 59.75
2996 30.33
2997 95.50
2998 124.50
2999 43.75
3000 27.33
3001 42.80
3002 50.25
3003 103.25
3004 52.20
3005 16.33
3006 59.50
3007 78.00
3008 85.67
3009 61.00
3010 18.33
3011 92.20
3012 24.00
3013 104.00
3014 52.67
3015 27.67
3016 139.50
3017 117.50
3018 47.00
3019 62.50
3020 152.75
3021 72.00
3022 73.50
3023 45.75
3024 88.25
3025 73.00
3026 38.60
3027 26.80
3029 76.67
3030 120.67
3031 51.67
3032 81.00
3033 119.67
3034 30.00
3035 45.83
3036 133.00
3037 89.25
3038 49.71
3039 27.00
3041 1.00
3042 30.00
3043 45.00
3044 50.00
3045 36.00
3046 27.00
3047 17.50
3048 121.50
3049 47.33
3050 83.33
3051 67.33
3052 120.75
3053 83.67
3054 110.33
3055 61.50
3056 29.75
3057 19.00
3058 181.00
3059 24.00
3060 76.00
3061 223.00
3062 36.57
3063 41.50
3064 99.33
3065 101.20
3066 38.00
3067 55.00
3068 51.50
3069 24.00
3070 49.75
3071 109.00
3072 138.00
3074 21.00
3075 34.50
3076 60.50
3077 64.25
3078 87.67
3079 131.50
3080 26.50
3081 71.00
3083 34.00
3084 40.00
3085 52.67
3086 89.00
3087 63.50
3088 159.50
3089 86.33
3090 52.00
3091 87.33
3092 30.50
3093 65.67
3094 63.67
3095 185.00
3096 34.00
3097 97.20
3098 97.75
3099 63.00
3100 67.00
3102 58.83
3103 72.67
3104 43.00
3105 88.00
3106 249.00
3107 52.40
3109 185.00
3110 69.67
3112 167.50
3113 80.60
3114 40.33
3115 86.67
3116 43.50
3117 94.25
3118 44.00
3119 69.00
3120 86.50
3121 86.67
3122 98.20
3123 33.67
3124 74.14
3125 49.00
3126 54.67
3128 93.67
3129 26.40
3130 71.33
3131 94.25
3132 54.25
3133 29.50
3134 78.00
3135 49.33
3136 35.00
3137 81.50
3138 35.33
3139 147.50
3140 61.20
3141 61.67
3142 105.00
3143 33.50
3144 64.00
3146 69.50
3148 117.00
3149 22.25
3150 95.00
3151 33.00
3152 52.00
3153 62.00
3154 124.67
3155 88.50
3156 46.75
3157 36.00
3158 48.00
3159 45.50
3160 78.33
3161 101.50
3162 21.00
3163 5.00
3164 136.00
3165 57.00
3166 69.25
3167 98.60
3168 52.83
3169 126.80
3170 108.33
3171 27.50
3172 34.67
3173 134.40
3174 39.00
3175 102.00
3176 221.00
3177 32.00
3178 128.00
3179 75.67
3180 1.00
3181 91.67
3182 49.50
3183 57.50
3184 28.00
3185 74.80
3186 78.20
3187 38.75
3188 100.00
3190 64.67
3191 134.00
3192 64.67
3193 48.80
3194 26.50
3195 58.25
3196 48.67
3197 47.00
3198 67.75
3199 16.00
3201 43.50
3202 34.67
3203 53.00
3204 44.00
3205 76.40
3206 25.25
3207 55.86
3208 43.60
3209 13.33
3210 20.00
3211 23.50
3212 23.50
3213 122.00
3214 68.80
3215 59.00
3216 90.50
3217 79.00
3218 15.00
3219 209.00
3220 19.67
3221 74.60
3222 59.00
3223 82.00
3224 135.50
3225 71.00
3226 24.40
3228 69.00
3229 98.00
3230 61.00
3231 114.00
3232 124.67
3233 41.00
3234 6.00
3235 27.00
3236 13.00
3237 62.40
3238 19.75
3239 54.75
3240 5.00
3241 54.00
3242 30.67
3244 104.00
3245 59.00
3246 62.33
3247 106.00
3248 13.75
3249 48.67
3250 76.40
3251 58.67
3252 103.67
3253 31.00
3254 8.00
3255 40.20
3256 55.00
3257 31.50
3258 98.00
3259 42.50
3260 45.33
3261 44.00
3262 59.50
3263 86.60
3264 37.67
3265 6.00
3266 58.17
3267 34.25
3268 84.33
3269 99.00
3270 21.00
3271 100.00
3272 99.50
3273 21.00
3274 24.50
3275 31.50
3276 29.67
3277 99.00
3278 13.00
3279 57.20
3280 61.75
3283 53.67
3284 18.33
3285 48.40
3286 17.00
3287 15.00
3288 65.00
3289 60.20
3290 34.67
3291 92.17
3292 32.00
3293 84.75
3294 137.67
3295 86.00
3296 74.00
3297 173.00
3298 16.50
3299 110.50
3300 85.67
3301 44.33
3302 71.25
3303 21.00
3304 53.00
3306 35.00
3307 47.00
3308 80.00
3309 41.75
3310 46.33
3311 92.00
3312 55.00
3313 52.50
3314 67.00
3315 48.33
3316 55.00
3318 58.67
3319 67.50
3320 46.33
3321 78.50
3322 63.33
3323 88.00
3324 54.67
3325 64.00
3326 77.80
3327 70.33
3328 61.80
3329 252.00
3330 44.00
3331 93.50
3332 21.00
3334 123.00
3335 93.75
3336 86.00
3338 33.00
3339 95.00
3340 10.00
3341 65.50
3342 115.25
3343 79.50
3344 75.25
3345 254.00
3346 80.50
3347 30.60
3348 21.00
3349 10.00
3350 65.60
3351 62.00
3352 83.25
3353 52.67
3354 57.67
3355 63.00
3356 68.20
3357 69.00
3358 165.00
3359 31.50
3360 163.00
3361 73.00
3362 138.50
3364 90.20
3365 94.25
3366 130.50
3367 35.75
3368 32.25
3369 48.00
3370 123.00
3371 57.33
3372 62.50
3373 193.00
3374 114.67
3375 100.00
3376 27.67
3378 13.00
3379 93.50
3380 81.80
3381 56.33
3382 51.83
3384 99.20
3385 73.67
3386 83.80
3387 22.00
3388 106.25
3389 85.67
3390 85.33
3391 55.25
3392 59.00
3393 89.00
3394 88.50
3395 36.50
3396 236.00
3397 36.33
3398 36.75
3399 79.00
3400 40.00
3401 59.00
3402 56.33
3403 74.00
3404 59.00
3405 86.67
3406 43.50
3407 58.00
3408 30.67
3409 19.00
3410 41.75
3411 98.83
3412 9.00
3413 140.50
3414 61.33
3416 37.33
3417 31.50
3418 100.67
3419 46.50
3420 81.25
3421 30.40
3422 37.75
3423 43.50
3424 47.00
3425 51.50
3426 25.75
3427 20.00
3428 63.00
3430 65.33
3431 108.33
3432 42.25
3433 77.00
3434 97.50
3435 25.50
3436 120.00
3437 124.00
3438 24.00
3439 95.50
3440 76.33
3441 35.00
3442 41.25
3443 34.67
3445 119.00
3447 25.33
3448 104.25
3449 56.00
3450 37.50
3451 34.50
3452 64.00
3453 28.00
3454 4.00
3455 102.00
3456 80.29
3457 94.50
3458 9.00
3459 99.00
3460 121.00
3461 120.50
3462 108.00
3463 48.50
3464 255.00
3466 35.00
3467 66.33
3468 112.33
3469 57.00
3470 27.00
3471 68.00
3472 81.00
3473 73.00
3474 102.40
3475 51.00
3476 27.00
3477 34.00
3478 149.00
3479 78.80
3480 17.00
3482 38.25
3483 63.75
3484 70.50
3486 153.50
3488 51.33
3489 50.75
3490 87.33
3491 54.00
3492 68.00
3494 158.00
3495 84.83
3496 41.00
3497 1.00
3498 102.00
3499 44.25
3500 37.00
3501 157.00
3502 9.00
3503 158.50
3504 6.33
3505 18.00
3506 44.67
3507 34.00
3508 68.60
3509 92.33
3510 43.60
3511 81.67
3512 65.33
3513 122.00
3514 9.00
3515 19.50
3516 66.00
3517 31.00
3518 127.00
3519 75.00
3520 17.00
3521 36.00
3522 40.75
3523 90.75
3524 61.60
3525 13.50
3526 28.00
3527 86.67
3528 29.00
3529 24.50
3530 43.00
3531 30.00
3532 18.00
3533 41.75
3534 28.50
3535 41.14
3536 52.00
3537 56.00
3538 111.00
3539 127.50
3540 150.00
3541 70.50
3542 16.33
3543 43.40
3544 25.60
3545 27.00
3546 26.00
3547 59.57
3548 15.00
3549 38.00
3550 10.00
3551 98.00
3552 50.20
3553 108.00
3554 148.00
3555 27.00
3556 84.40
3557 30.00
3558 139.00
3559 7.50
3560 105.00
3561 107.00
3562 23.67
3564 51.50
3565 82.00
3566 76.67
3567 135.00
3568 33.67
3570 27.00
3571 73.14
3572 125.50
3573 116.50
3574 32.00
3575 75.33
3576 126.75
3577 95.00
3578 4.00
3579 65.00
3580 64.25
3581 25.50
3582 82.50
3583 65.50
3584 30.20
3585 57.00
3586 13.75
3587 24.33
3588 39.50
3590 62.00
3591 23.00
3592 41.00
3593 25.67
3594 48.00
3595 35.40
3596 195.00
3597 91.00
3598 48.83
3599 6.00
3600 108.67
3601 58.00
3602 53.33
3603 64.00
3604 54.75
3606 71.00
3608 140.00
3610 21.25
3611 137.00
3612 69.38
3613 52.00
3614 61.83
3615 114.33
3616 32.50
3617 89.00
3618 44.83
3619 32.50
3620 79.67
3621 61.00
3622 44.00
3623 36.00
3625 65.50
3626 25.50
3627 30.00
3628 15.25
3629 46.00
3630 21.75
3631 106.00
3632 45.50
3633 65.50
3634 12.00
3635 63.40
3636 17.00
3637 73.50
3638 76.75
3639 60.00
3640 78.00
3641 21.00
3642 28.00
3643 48.00
3644 38.50
3645 34.00
3646 45.33
3647 142.50
3648 54.00
3649 46.60
3650 112.25
3651 114.33
3652 27.00
3653 57.00
3654 49.50
3655 81.33
3656 71.50
3657 9.33
3658 53.25
3659 94.00
3660 37.75
3661 26.00
3662 104.00
3663 166.00
3664 12.50
3665 39.29
3667 56.00
3668 72.33
3669 51.00
3670 132.00
3671 93.00
3673 124.00
3674 81.33
3675 40.40
3676 59.71
3677 24.67
3678 24.33
3679 76.00
3680 60.67
3681 95.29
3682 70.00
3683 75.60
3684 67.75
3685 142.75
3686 57.50
3687 45.67
3688 79.00
3689 67.67
3690 70.67
3691 47.00
3692 30.33
3693 86.00
3694 16.67
3695 58.00
3696 127.00
3697 69.33
3698 77.20
3699 73.33
3700 95.00
3701 55.33
3702 66.00
3703 26.00
3704 33.00
3705 6.00
3706 7.00
3707 59.50
3708 42.00
3709 36.50
3710 76.40
3711 11.00
3712 29.50
3713 114.00
3715 128.75
3716 46.20
3717 28.00
3718 106.00
3719 15.00
3720 231.00
3721 34.00
3723 60.25
3725 108.00
3726 11.00
3727 39.50
3728 41.20
3729 250.00
3730 104.00
3731 14.00
3732 87.67
3733 56.00
3734 13.00
3735 70.75
3736 35.00
3737 104.00
3738 23.75
3739 57.80
3740 45.00
3741 19.00
3742 131.00
3743 64.67
3744 69.75
3745 61.00
3746 131.00
3747 23.00
3748 53.00
3749 28.50
3750 39.50
3751 68.00
3752 54.00
3753 54.25
3754 65.50
3755 10.00
3756 41.83
3757 20.33
3758 43.00
3759 53.50
3760 136.00
3761 69.00
3762 65.67
3763 111.50
3764 42.40
3765 66.00
3766 83.20
3767 52.00
3768 103.75
3769 21.50
3770 33.40
3772 61.14
3773 34.50
3774 127.50
3775 92.20
3776 25.25
3777 67.00
3778 64.75
3779 48.40
3780 59.33
3781 76.00
3782 73.80
3783 49.75
3784 26.00
3785 129.50
3786 40.60
3787 56.50
3788 61.00
3789 75.00
3790 25.00
3791 24.00
3792 20.00
3793 14.00
3795 49.75
3796 83.33
3797 81.67
3798 62.67
3799 150.00
3800 29.50
3801 48.00
3803 88.25
3804 74.50
3805 89.00
3806 223.00
3807 57.00
3808 110.00
3809 63.00
3810 50.67
3813 55.00
3814 8.50
3815 18.33
3816 66.00
3817 36.50
3818 88.67
3819 29.60
3820 66.75
3821 45.00
3822 81.00
3823 104.00
3824 98.40
3825 135.00
3826 31.67
3827 78.00
3828 48.50
3829 42.33
3830 52.00
3831 163.00
3832 55.60
3833 88.33
3834 46.67
3835 52.00
3838 57.00
3839 23.33
3840 51.20
3841 57.33
3842 36.00
3843 46.75
3844 50.00
3845 112.25
3846 33.33
3847 62.00
3848 53.67
3849 72.29
3850 72.25
3851 77.00
3852 43.75
3853 168.00
3854 72.57
3855 36.50
3856 262.00
3857 79.00
3858 22.00
3859 140.00
3860 30.50
3861 53.75
3862 106.75
3863 139.00
3864 42.33
3865 49.00
3866 33.25
3867 93.67
3868 79.00
3869 47.67
3870 86.67
3871 54.00
3872 105.00
3873 27.00
3874 71.00
3875 4.00
3876 53.50
3877 90.00
3878 52.80
3880 20.00
3881 26.50
3882 17.00
3883 12.50
3884 66.25
3885 67.00
3886 64.33
3887 80.00
3888 48.20
3889 68.00
3890 70.00
3891 50.33
3892 55.25
3893 53.67
3894 14.50
3895 42.00
3896 33.00
3897 45.33
3898 24.00
3899 105.75
3900 54.00
3901 21.00
3902 56.50
3903 74.33
3905 39.00
3906 36.75
3907 50.00
3908 19.00
3909 50.80
3910 98.50
3911 96.00
3912 14.00
3913 50.00
3914 54.50
3915 112.50
3916 67.20
3917 65.00
3918 64.00
3920 37.67
3921 139.67
3922 27.00
3924 37.00
3925 29.00
3926 71.25
3927 35.00
3928 84.00
3929 9.00
3930 65.00
3931 34.33
3932 64.60
3933 57.75
3934 192.00
3935 87.00
3936 41.00
3937 33.33
3938 71.57
3939 23.00
3940 134.50
3941 106.00
3942 92.50
3943 30.00
3944 55.00
3945 78.67
3947 63.33
3948 96.33
3949 74.00
3950 198.00
3951 137.00
3952 137.25
3953 64.50
3954 46.33
3955 79.00
3956 84.50
3957 42.75
3958 62.43
3959 66.80
3960 44.00
3961 19.00
3962 142.00
3963 75.80
3964 47.00
3965 13.00
3966 49.00
3967 42.00
3968 88.67
3969 14.67
3970 137.00
3971 41.25
3972 92.00
3973 17.00
3974 27.33
3975 244.00
3976 33.00
3977 80.00
3978 102.67
3979 56.00
3980 69.00
3981 32.00
3982 62.83
3984 56.00
3985 22.00
3986 43.67
3987 11.50
3988 37.00
3989 103.33
3990 51.00
3991 24.50
3992 70.86
3993 36.80
3994 81.00
3995 110.50
3996 60.00
3997 87.00
3998 62.00
3999 66.00
4000 10.50
4001 47.50
4002 14.00
4004 58.00
4005 53.56
4006 94.00
4007 13.67
4008 45.25
4009 50.67
4010 68.33
4011 78.00
4012 66.67
4013 71.00
4014 84.00
4015 82.33
4016 103.00
4017 88.00
4018 30.25
4019 72.20
4020 99.60
4021 34.00
4022 47.50
4023 36.00
4024 21.00
4025 121.50
4026 88.33
4027 62.00
4028 86.75
4029 144.00
4030 56.00
4032 122.25
4033 44.50
4034 60.00
4035 4.00
4036 76.00
4037 69.67
4038 73.00
4040 49.50
4041 6.67
4042 21.67
4043 110.67
4044 58.67
4045 22.20
4046 75.50
4047 74.00
4048 40.75
4049 82.00
4050 132.67
4051 78.75
4052 19.50
4053 86.00
4054 16.00
4055 62.00
4056 46.00
4057 72.60
4058 65.25
4059 34.00
4060 83.67
4061 85.50
4062 235.00
4064 76.33
4065 75.25
4066 83.00
4067 22.50
4068 46.67
4069 75.67
4070 127.00
4071 159.50
4072 79.75
4073 88.00
4074 71.75
4075 52.25
4076 104.50
4077 118.00
4078 99.67
4079 69.50
4080 93.33
4081 58.00
4082 52.00
4083 57.67
4084 49.00
4085 43.67
4086 75.00
4087 146.00
4088 47.00
4089 50.00
4090 89.33
4091 89.33
4092 37.00
4093 45.80
4094 82.75
4095 45.00
4096 36.80
4097 95.20
4098 45.00
4099 21.00
4100 83.50
4101 36.50
4102 28.25
4103 12.00
4104 40.00
4105 116.33
4106 85.50
4107 56.25
4108 113.50
4109 58.00
4110 89.20
4111 54.00
4112 77.67
4113 32.67
4114 71.20
4115 64.75
4116 61.00
4117 11.50
4118 12.67
4119 76.50
4120 65.25
4121 56.50
4122 57.00
4123 14.25
4124 20.00
4125 54.00
4126 61.50
4127 65.40
4128 76.50
4129 68.50
4130 69.67
4131 43.00
4133 66.00
4134 3.00
4135 39.00
4136 69.67
4137 54.33
4138 130.50
4139 27.67
4140 56.50
4141 84.00
4142 23.33
4143 57.43
4144 48.60
4145 81.67
4146 93.00
4147 33.50
4148 57.00
4149 47.00
4150 7.50
4151 79.75
4152 59.57
4153 18.33
4154 24.50
4155 23.00
4156 41.00
4157 72.80
4158 72.67
4159 18.50
4160 48.33
4161 50.50
4162 59.67
4165 108.38
4166 91.00
4167 44.00
4168 141.00
4169 141.50
4170 70.75
4171 83.33
4172 21.00
4173 56.00
4174 50.33
4175 40.67
4176 83.80
4177 74.33
4178 58.50
4179 22.25
4180 56.50
4181 61.75
4182 20.00
4183 70.40
4184 63.20
4185 30.50
4186 64.20
4187 28.00
4188 41.67
4189 66.50
4190 21.50
4191 19.00
4192 46.00
4193 113.33
4194 55.50
4195 38.00
4196 95.50
4197 76.00
4198 86.67
4199 90.00
4200 110.20
4201 108.00
4202 28.33
4203 46.00
4204 84.00
4205 36.71
4206 31.00
4207 67.50
4209 13.00
4210 78.75
4211 141.00
4212 30.00
4213 26.67
4214 66.60
4215 112.33
4216 69.00
4217 22.33
4218 88.00
4219 48.75
4220 59.50
4221 86.00
4222 84.67
4223 4.00
4224 95.75
4225 133.00
4226 35.00
4227 55.67
4228 50.33
4229 48.00
4230 42.00
4231 47.33
4232 67.29
4234 5.50
4235 93.00
4236 58.67
4237 106.00
4238 131.50
4239 46.50
4240 77.00
4241 94.33
4242 23.25
4243 62.00
4244 68.67
4245 52.20
4246 37.00
4247 57.29
4248 67.50
4249 16.00
4250 27.00
4251 102.33
4252 70.33
4253 95.75
4254 77.00
4256 39.75
4257 79.60
4258 75.00
4259 69.00
4260 66.50
4261 40.75
4262 93.50
4263 21.00
4264 38.40
4265 62.00
4267 73.60
4268 65.20
4269 30.50
4270 10.67
4271 64.33
4272 69.40
4273 57.00
4274 145.00
4275 101.67
4276 39.00
4277 54.00
4278 60.60
4279 42.00
4280 82.00
4281 59.00
4282 16.33
4283 19.00
4284 26.00
4285 163.00
4286 13.50
4287 17.25
4288 92.75
4289 43.00
4290 39.00
4291 88.67
4292 77.50
4293 22.00
4295 75.67
4296 78.20
4297 46.00
4298 32.80
4300 79.20
4301 40.25
4302 33.50
4303 26.25
4304 47.75
4305 54.00
4306 54.25
4307 54.67
4308 63.80
4309 58.00
4310 36.50
4311 43.20
4312 43.00
4313 21.50
4314 69.33
4315 59.67
4316 125.00
4317 36.00
4319 46.67
4320 11.00
4321 110.25
4322 63.60
4323 84.00
4324 27.50
4325 56.00
4326 78.20
4327 64.00
4328 47.80
4329 85.20
4330 39.00
4331 39.20
4332 29.00
4333 74.00
4334 6.00
4335 54.50
4336 4.00
4337 139.00
4338 30.00
4339 79.50
4340 21.00
4341 41.17
4342 154.00
4343 20.00
4344 90.60
4345 7.00
4346 45.50
4347 97.00
4348 39.75
4349 85.33
4350 43.33
4351 11.00
4352 74.00
4353 22.00
4354 63.00
4355 40.00
4356 78.25
4357 82.25
4358 61.50
4359 53.00
4361 74.00
4362 43.00
4363 37.00
4364 18.00
4365 59.00
4366 114.33
4367 75.67
4368 69.00
4369 6.00
4370 44.00
4371 110.00
4372 110.50
4373 110.67
4374 14.00
4375 83.33
4376 13.67
4377 64.43
4378 40.00
4379 247.50
4380 48.33
4381 57.00
4382 46.00
4383 54.00
4384 60.80
4385 73.00
4386 32.00
4387 9.00
4388 25.00
4389 21.00
4390 68.00
4391 47.83
4392 36.00
4393 59.75
4394 46.40
4395 2.00
4396 111.83
4397 5.00
4398 64.00
4399 80.80
4400 69.50
4401 50.00
4402 98.00
4403 65.60
4404 59.50
4405 31.50
4406 45.00
4407 46.00
4408 78.00
4409 57.60
4410 52.50
4411 42.00
4412 38.60
4413 72.33
4414 29.75
4416 59.67
4417 41.67
4418 60.00
4419 60.14
4420 65.50
4421 182.00
4422 25.00
4423 92.00
4424 85.00
4425 92.00
4426 71.00
4427 43.00
4428 114.00
4429 78.33
4430 75.00
4431 110.00
4433 15.67
4434 66.50
4435 46.80
4436 34.67
4437 98.33
4438 23.00
4439 39.75
4441 85.33
4442 29.00
4443 66.00
4444 139.75
4445 135.67
4446 256.00
4447 81.33
4448 112.43
4449 45.14
4450 101.67
4451 22.67
4452 40.60
4453 13.00
4454 76.00
4455 13.67
4456 110.00
4457 63.00
4458 35.80
4459 28.00
4460 3.00
4461 38.33
4462 136.00
4463 38.00
4464 120.00
4465 40.67
4467 95.80
4468 84.00
4469 89.00
4470 85.33
4471 43.50
4472 153.50
4473 69.00
4474 47.00
4475 48.43
4476 16.00
4477 37.20
4478 34.00
4479 43.67
4481 27.33
4482 63.33
4483 20.80
4484 50.00
4485 56.00
4486 105.67
4487 58.33
4488 93.00
4489 51.60
4490 48.29
4491 46.50
4492 74.00
4493 50.00
4494 77.00
4495 36.50
4496 56.75
4497 122.50
4498 29.00
4499 27.00
4500 49.50
4501 109.00
4502 115.00
4503 77.50
4504 36.67
4505 24.00
4506 33.00
4507 29.00
4508 29.00
4509 48.50
4510 61.00
4511 94.86
4512 47.50
4513 35.25
4514 143.25
4515 56.33
4516 65.75
4517 40.00
4519 35.00
4520 90.50
4521 113.33
4522 47.00
4523 26.00
4524 36.00
4525 97.33
4526 116.25
4527 139.00
4528 80.50
4529 40.44
4530 56.25
4531 78.50
4532 69.67
4533 98.00
4534 131.33
4535 36.25
4536 22.00
4537 35.50
4538 63.67
4539 44.33
4540 17.00
4541 69.00
4542 89.75
4543 106.00
4544 79.50
4546 53.50
4547 36.00
4548 37.80
4549 77.71
4550 39.25
4551 77.00
4552 65.67
4553 110.50
4554 25.80
4555 3.00
4556 35.33
4557 43.75
4558 9.00
4559 34.67
4560 15.00
4561 17.50
4562 76.00
4563 36.33
4564 57.50
4565 46.00
4566 11.75
4567 100.50
4568 63.00
4569 55.25
4570 65.50
4572 89.00
4573 56.00
4574 33.67
4575 52.50
4576 148.20
4577 15.00
4578 59.71
4579 23.25
4580 52.00
4581 152.00
4582 33.33
4583 71.80
4584 26.33
4585 42.00
4586 70.00
4587 50.33
4588 44.80
4589 30.00
4590 72.00
4591 70.67
4592 16.67
4593 95.33
4594 47.88
4595 18.50
4596 60.00
4597 17.00
4598 71.00
4599 19.60
4600 120.67
4601 27.00
4602 122.00
4604 45.60
4605 82.00
4606 47.80
4607 45.25
4608 64.67
4609 45.00
4611 27.33
4612 12.00
4613 32.00
4614 40.83
4615 47.00
4616 54.50
4617 37.50
4618 66.50
4619 80.50
4620 86.00
4621 26.50
4622 5.00
4623 30.00
4624 33.00
4625 112.33
4626 80.50
4627 30.00
4628 28.25
4629 40.40
4630 73.29
4631 92.75
4632 57.00
4633 55.67
4634 52.67
4635 44.00
4636 38.00
4637 68.00
4638 75.33
4639 53.67
4640 62.75
4641 100.50
4642 84.17
4643 173.67
4644 33.00
4645 130.00
4646 60.29
4647 137.50
4650 22.00
4651 75.67
4652 157.50
4653 37.25
4654 33.00
4655 71.75
4656 48.00
4657 29.60
4658 69.50
4659 88.33
4660 129.00
4661 42.57
4662 91.50
4663 27.00
4664 63.60
4665 30.33
4666 34.00
4667 36.25
4668 83.33
4669 68.67
4670 31.50
4671 78.00
4672 46.00
4673 24.25
4674 63.00
4675 188.00
4676 73.33
4677 30.00
4678 95.80
4679 65.00
4680 166.00
4681 64.40
4682 34.00
4683 40.17
4684 73.20
4685 127.75
4686 49.00
4687 46.33
4688 52.00
4689 65.00
4690 34.00
4693 49.00
4694 39.25
4695 87.00
4696 55.00
4697 50.00
4698 74.00
4699 91.00
4700 88.00
4701 63.50
4702 50.00
4703 74.20
4704 38.00
4705 69.00
4706 26.50
4707 55.75
4708 33.00
4709 52.33
4710 54.00
4711 50.00
4712 164.67
4713 62.00
4714 70.67
4715 34.67
4716 81.40
4717 22.33
4718 12.33
4719 55.00
4720 22.00
4721 88.75
4722 10.33
4723 24.00
4724 63.50
4725 78.00
4726 54.00
4727 47.67
4728 46.00
4729 83.00
4730 113.50
4731 59.50
4732 91.67
4733 31.60
4734 35.50
4735 84.75
4736 45.67
4737 16.50
4738 71.00
4739 41.00
4740 0.50
4741 37.00
4742 39.60
4743 41.00
4744 69.14
4745 57.00
4746 61.50
4747 87.40
4748 87.67
4749 39.00
4750 88.00
4751 66.00
4752 43.00
4753 41.00
4754 123.80
4755 66.50
4756 24.00
4757 33.20
4758 218.00
4759 22.75
4760 41.00
4761 45.00
4762 69.60
4763 29.50
4764 13.50
4765 73.00
4766 84.50
4768 5.00
4769 32.00
4770 42.67
4771 60.60
4772 20.33
4773 81.50
4774 74.75
4775 170.33
4776 37.50
4777 18.50
4779 43.00
4780 62.00
4781 49.50
4782 62.00
4783 46.08
4784 51.25
4786 106.33
4787 92.67
4788 101.50
4789 26.57
4790 11.00
4791 132.75
4792 63.33
4793 62.50
4795 186.33
4796 53.33
4797 40.33
4798 105.00
4799 7.00
4800 60.50
4801 58.40
4802 130.50
4803 20.40
4804 116.25
4805 69.00
4806 108.00
4807 32.00
4808 46.75
4809 94.00
4810 29.00
4811 60.00
4812 105.25
4813 32.00
4814 91.57
4815 42.00
4816 77.00
4817 47.00
4818 102.00
4819 59.00
4820 11.00
4822 81.00
4823 119.25
4824 61.75
4825 41.00
4826 67.00
4827 49.14
4828 87.33
4829 19.33
4830 6.00
4831 130.40
4832 95.75
4833 56.00
4834 74.00
4835 40.50
4836 55.83
4837 38.67
4838 8.50
4839 15.00
4840 72.00
4841 67.88
4842 31.00
4843 54.50
4844 116.00
4845 70.00
4846 55.67
4847 52.50
4848 13.00
4850 94.83
4851 29.67
4852 6.00
4853 5.00
4854 110.33
4855 51.00
4856 57.00
4857 75.60
4858 57.00
4859 49.60
4860 66.80
4861 18.00
4862 68.67
4863 0.00
4864 201.00
4865 77.60
4866 55.00
4867 62.50
4868 74.25
4869 15.25
4870 37.50
4871 44.50
4872 49.00
4873 55.00
4874 76.80
4875 124.00
4876 77.00
4877 9.50
4878 61.00
4879 118.00
4880 89.50
4881 36.00
4882 65.00
4883 159.75
4884 116.50
4885 64.25
4886 106.67
4887 37.33
4888 36.00
4889 32.25
4890 27.00
4891 17.00
4892 49.50
4893 56.00
4894 22.33
4895 15.00
4896 145.50
4897 53.00
4898 41.33
4899 74.67
4900 83.00
4901 46.00
4902 136.00
4903 69.29
4904 91.50
4905 31.00
4906 150.00
4907 104.00
4908 76.75
4909 68.67
4910 52.33
4911 48.67
4912 33.40
4913 54.80
4914 59.17
4915 52.20
4917 86.50
4918 62.50
4919 26.67
4920 93.00
4921 46.50
4922 68.00
4923 36.75
4924 33.00
4925 101.25
4926 17.20
4927 77.00
4928 24.71
4929 62.33
4930 40.67
4931 40.67
4932 115.33
4933 7.33
4934 30.33
4935 54.00
4936 33.67
4937 45.00
4938 49.00
4939 59.00
4940 89.60
4941 46.00
4943 101.00
4944 121.25
4945 46.00
4946 46.67
4947 135.50
4948 25.00
4949 52.60
4950 33.67
4951 66.00
4952 7.00
4953 55.00
4954 31.25
4956 78.50
4957 60.33
4958 57.25
4959 98.50
4960 29.00
4961 40.00
4962 47.00
4963 45.00
4964 61.50
4965 30.75
4966 63.25
4967 80.75
4968 51.33
4969 76.80
4970 120.00
4971 48.60
4972 105.00
4973 40.25
4974 50.25
4975 22.50
4976 70.75
4977 28.00
4978 49.38
4979 64.00
4980 43.33
4981 53.67
4982 82.50
4983 49.17
4984 47.00
4985 106.33
4986 69.25
4987 97.00
4988 31.00
4989 49.67
4990 51.50
4991 68.33
4992 56.50
4993 61.00
4994 75.00
4995 9.00
4996 63.00
4997 36.00
4998 36.75
4999 76.80
5000 86.67
5001 142.00
5002 11.00
5003 103.33
5004 127.50
5005 37.50
5006 40.80
5007 36.00
5008 84.00
5009 42.67
5010 3.00
5011 94.67
5012 17.00
5014 5.50
5015 129.00
5017 129.67
5018 73.00
5019 64.25
5020 93.67
5021 110.67
5022 71.00
5023 34.50
5024 167.00
5025 84.67
5026 68.50
5027 26.50
5028 119.00
5029 59.00
5031 23.00
5032 71.50
5033 103.00
5034 106.00
5035 52.00
5036 62.25
5037 56.80
5038 61.00
5039 52.67
5040 54.67
5041 58.00
5042 74.75
5043 73.00
5044 103.00
5045 60.00
5046 39.00
5047 1.00
5048 55.67
5049 53.00
5050 34.50
5052 47.00
5053 76.20
5054 35.00
5055 60.00
5056 18.50
5057 48.80
5058 36.00
5059 16.00
5060 113.00
5061 42.75
5063 74.67
5064 96.00
5065 13.75
5067 48.60
5068 123.00
5069 115.00
5070 42.00
5071 98.00
5072 84.20
5073 110.50
5074 70.00
5075 109.50
5076 20.50
5077 40.67
5078 96.33
5079 94.33
5080 75.00
5081 27.67
5082 66.00
5083 41.00
5084 22.00
5085 72.33
5086 32.33
5087 69.50
5088 79.00
5089 68.00
5090 62.67
5091 52.50
5093 64.50
5094 53.20
5095 63.40
5096 46.40
5098 71.00
5099 18.00
5100 57.00
5101 46.00
5102 155.50
5103 82.43
5104 53.80
5105 69.60
5106 77.00
5107 80.00
5108 13.00
5109 109.33
5110 84.33
5111 75.00
5112 115.50
5113 14.00
5114 45.67
5115 72.00
5116 46.50
5117 74.20
5118 5.00
5119 45.25
5120 82.25
5121 52.00
5122 82.00
5123 57.67
5124 52.00
5125 47.67
5126 57.00
5127 55.29
5128 40.75
5129 26.50
5130 130.33
5131 85.33
5132 10.00
5133 38.00
5134 67.71
5135 45.25
5136 80.33
5137 67.33
5138 50.00
5139 44.67
5141 78.00
5142 127.50
5143 74.83
5144 88.50
5145 82.67
5146 72.50
5147 84.00
5148 109.40
5149 13.00
5150 28.50
5152 25.67
5153 114.57
5154 27.75
5155 126.00
5156 10.00
5157 47.50
5158 49.00
5159 85.20
5160 49.00
5161 58.50
5162 78.00
5163 80.00
5164 82.67
5165 108.25
5166 67.00
5167 67.67
5168 75.67
5169 38.20
5170 125.00
5171 65.00
5172 83.75
5173 53.00
5174 130.50
5175 113.50
5176 98.33
5177 75.00
5178 89.33
5179 47.25
5180 91.25
5181 41.33
5182 87.00
5183 51.00
5184 39.00
5185 60.00
5186 40.00
5187 35.00
5188 62.60
5189 40.67
5191 29.33
5192 43.00
5194 66.67
5195 66.50
5196 131.67
5197 100.75
5198 23.67
5199 15.67
5200 63.00
5201 69.33
5202 105.00
5203 6.00
5204 49.60
5205 69.67
5206 20.60
5207 65.67
5208 135.67
5209 37.60
5210 125.00
5211 41.00
5212 29.33
5213 71.50
5214 58.50
5215 31.67
5216 77.00
5217 15.00
5218 241.00
5219 51.80
5220 64.67
5221 45.56
5222 54.17
5223 49.00
5224 78.00
5225 75.17
5226 39.71
5227 43.80
5228 171.00
5229 102.80
5230 1.00
5231 45.50
5232 93.50
5233 104.50
5234 21.00
5235 26.25
5237 46.50
5239 43.33
5240 59.00
5241 60.00
5243 22.00
5244 62.50
5245 128.33
5246 15.00
5247 73.50
5248 53.75
5249 78.33
5250 71.50
5251 18.00
5252 52.00
5253 22.00
5254 89.00
5255 147.00
5256 94.00
5257 60.00
5258 33.20
5260 64.00
5261 40.00
5262 68.25
5263 60.50
5264 53.50
5265 43.33
5266 6.00
5267 67.25
5268 109.33
5269 31.50
5270 1.00
5271 76.00
5272 97.50
5273 91.00
5274 102.86
5275 80.50
5276 28.00
5277 89.00
5278 71.86
5279 50.67
5280 40.71
5281 76.25
5282 53.00
5283 9.00
5284 52.50
5285 31.00
5286 50.67
5287 112.33
5288 79.20
5289 20.00
5290 15.00
5291 111.20
5292 44.75
5293 20.50
5294 45.00
5295 23.50
5296 45.67
5297 64.33
5298 25.00
5299 77.20
5300 145.00
5301 74.50
5302 75.00
5303 4.00
5304 77.25
5305 43.00
5306 27.00
5307 32.00
5308 36.50
5309 51.00
5310 37.67
5311 33.33
5313 7.50
5314 75.33
5315 20.25
5316 69.75
5317 17.00
5318 53.00
5319 39.00
5320 93.67
5321 108.00
5322 134.50
5323 91.33
5324 60.50
5325 36.50
5326 121.50
5327 90.25
5328 57.00
5329 44.00
5331 33.00
5332 67.00
5333 64.33
5334 57.75
5335 37.00
5336 71.50
5337 28.00
5338 98.33
5339 34.25
5340 12.75
5341 44.00
5342 22.00
5343 77.00
5344 10.00
5345 31.33
5346 43.67
5347 39.60
5348 68.71
5349 31.00
5350 75.50
5351 55.75
5352 50.00
5353 20.00
5354 74.00
5355 91.50
5356 44.20
5357 48.67
5358 101.00
5359 28.00
5360 72.25
5361 31.83
5362 40.50
5363 226.00
5364 45.67
5365 49.33
5366 72.33
5367 78.50
5368 118.00
5369 87.50
5370 98.33
5372 63.50
5373 32.25
5374 124.60
5375 30.50
5376 61.50
5377 5.00
5378 64.00
5379 91.67
5380 36.00
5381 130.80
5382 130.25
5383 68.25
5384 78.00
5385 52.00
5386 83.25
5387 50.50
5388 57.50
5389 127.00
5390 9.00
5391 31.80
5392 32.50
5393 99.50
5394 22.33
5395 95.50
5396 85.00
5397 51.00
5398 84.40
5399 113.00
5400 58.00
5402 68.67
5403 46.33
5404 93.33
5405 74.00
5406 46.00
5407 27.40
5408 88.12
5409 20.33
5410 116.50
5411 88.00
5412 49.00
5413 37.80
5414 51.00
5415 34.50
5416 60.33
5417 36.60
5418 60.80
5419 64.40
5420 67.40
5421 105.33
5422 62.33
5423 56.00
5424 74.00
5425 40.00
5426 103.00
5427 64.50
5428 87.00
5429 47.33
5430 71.00
5431 7.00
5432 73.33
5434 14.00
5435 76.33
5436 50.83
5438 21.00
5439 74.75
5440 140.00
5441 81.00
5442 30.00
5443 85.57
5444 70.50
5445 46.33
5446 127.00
5447 36.00
5448 31.50
5449 32.00
5450 55.00
5451 30.80
5452 80.00
5453 79.00
5454 57.00
5455 43.00
5456 49.25
5457 136.00
5458 59.67
5459 90.25
5460 37.00
5461 35.50
5462 70.80
5463 78.00
5464 21.50
5465 12.00
5466 55.50
5467 47.75
5468 24.33
5469 16.50
5470 61.00
5471 52.40
5472 66.00
5473 95.20
5474 40.00
5475 83.33
5476 137.50
5477 25.00
5478 88.33
5479 99.00
5480 95.33
5481 12.00
5482 80.33
5483 118.50
5484 103.00
5485 60.29
5486 111.75
5487 46.00
5488 60.50
5489 63.00
5490 15.00
5491 62.67
5492 30.33
5493 22.00
5494 79.75
5495 53.62
5496 83.14
5497 42.20
5498 74.00
5499 21.33
5500 121.67
5501 40.00
5502 92.67
5503 31.00
5504 37.00
5505 86.60
5506 44.50
5507 33.00
5508 18.67
5509 1.00
5510 123.00
5511 32.50
5512 28.25
5513 67.67
5514 93.00
5515 72.88
5516 43.00
5517 84.75
5518 71.60
5519 65.25
5520 61.83
5521 28.00
5522 61.00
5523 128.00
5524 92.33
5525 70.33
5526 60.00
5527 101.00
5528 71.57
5529 108.60
5530 70.00
5531 41.80
5532 132.50
5533 37.33
5534 73.00
5535 65.33
5536 46.00
5537 42.00
5538 74.83
5540 95.50
5541 103.00
5542 35.67
5544 109.67
5545 99.75
5546 118.67
5547 50.50
5548 59.20
5549 50.00
5550 23.00
5551 29.33
5552 26.00
5553 46.33
5554 17.67
5555 29.00
5557 9.33
5558 78.00
5559 46.40
5560 173.00
5561 66.00
5562 41.00
5563 16.20
5564 43.50
5565 51.50
5566 108.40
5568 133.50
5569 42.40
5570 38.50
5571 93.67
5572 43.80
5573 35.00
5574 42.00
5575 35.67
5576 15.00
5577 96.40
5578 70.50
5579 130.00
5580 38.00
5581 33.00
5582 82.00
5583 53.33
5584 34.00
5585 67.00
5586 52.00
5587 38.00
5588 54.33
5589 57.50
5590 141.50
5591 47.50
5592 26.00
5593 86.50
5594 74.00
5595 32.67
5596 161.00
5597 56.83
5598 71.33
5599 27.75
5600 92.00
5601 13.00
5602 9.50
5603 41.00
5604 27.00
5605 106.50
5606 48.50
5607 82.00
5608 62.00
5609 78.25
5610 67.50
5611 38.00
5612 10.50
5614 58.00
5615 47.67
5616 39.00
5617 57.33
5618 151.33
5619 63.78
5620 28.00
5621 43.50
5622 34.20
5623 54.00
5624 26.67
5625 99.00
5626 78.00
5627 34.00
5628 58.67
5629 28.50
5630 75.00
5631 32.33
5632 33.67
5633 103.50
5634 35.00
5635 67.33
5636 56.33
5637 49.00
5638 107.38
5639 91.20
5640 96.00
5641 60.00
5642 15.00
5643 60.00
5644 69.67
5645 98.75
5646 72.00
5647 48.00
5648 82.60
5649 35.67
5650 29.33
5651 96.67
5652 26.00
5653 76.00
5654 39.67
5655 30.00
5656 35.00
5657 93.75
5658 131.00
5659 93.60
5660 49.00
5661 90.60
5662 27.80
5663 5.50
5664 52.50
5665 78.00
5666 63.50
5667 64.00
5668 49.75
5669 125.00
5670 117.00
5671 54.33
5672 95.00
5673 105.50
5674 39.14
5675 43.00
5676 124.67
5677 17.00
5678 40.00
5679 87.25
5680 73.50
5681 67.50
5682 29.67
5683 18.50
5684 71.67
5685 32.33
5686 148.33
5687 88.33
5688 30.50
5689 59.00
5690 23.00
5691 108.00
5692 27.00
5693 49.33
5695 79.33
5696 35.00
5697 59.50
5698 59.67
5699 47.75
5700 57.80
5701 33.00
5702 42.00
5703 84.00
5704 25.67
5705 55.40
5706 7.00
5707 66.00
5708 36.33
5709 101.67
5710 59.50
5711 47.67
5712 94.67
5713 94.00
5714 31.60
5715 29.25
5716 20.00
5717 21.80
5718 42.50
5719 76.00
5720 32.67
5722 8.50
5723 35.67
5724 83.00
5725 19.00
5726 86.67
5727 51.00
5728 40.50
5729 20.50
5730 116.00
5731 84.67
5732 104.75
5733 19.67
5734 34.00
5735 115.50
5736 17.50
5737 91.33
5738 57.33
5739 27.00
5740 44.33
5741 56.00
5742 36.00
5743 16.25
5744 81.00
5745 110.33
5746 93.75
5747 93.67
5748 69.00
5749 12.00
5750 95.00
5751 26.50
5752 89.25
5753 36.00
5755 19.00
5756 174.00
5757 39.38
5758 140.00
5759 40.00
5760 64.60
5761 181.00
5762 15.00
5763 30.00
5764 32.40
5765 54.00
5767 84.40
5768 116.33
5769 7.00
5770 15.25
5771 65.75
5772 59.00
5773 19.00
5774 34.50
5775 140.00
5776 83.22
5777 79.00
5778 33.67
5779 78.75
5780 41.00
5781 28.40
5782 46.00
5783 73.00
5784 27.50
5785 11.00
5786 67.50
5787 125.75
5788 56.75
5789 43.80
5790 64.00
5791 47.00
5792 221.00
5793 52.50
5794 24.00
5795 60.67
5796 96.25
5797 23.00
5798 77.33
5799 22.40
5801 16.00
5802 26.00
5803 132.00
5804 36.50
5805 72.00
5806 72.00
5807 135.50
5808 47.00
5809 13.00
5810 99.00
5811 62.33
5812 55.17
5813 5.00
5814 35.67
5815 122.00
5816 98.75
5818 65.00
5819 37.00
5821 127.67
5822 112.33
5823 6.00
5824 145.00
5825 46.67
5826 133.33
5827 62.00
5828 48.17
5829 54.62
5830 49.00
5831 11.50
5832 43.00
5833 55.75
5834 67.00
5835 64.67
5836 73.00
5837 96.67
5839 112.80
5840 53.86
5841 112.75
5842 19.50
5844 81.00
5845 59.33
5846 42.12
5847 18.25
5848 46.88
5849 94.75
5850 86.20
5851 55.17
5852 39.00
5853 31.40
5854 62.00
5855 64.75
5856 132.57
5857 62.20
5859 117.00
5860 57.00
5861 72.75
5863 24.75
5864 40.00
5865 80.67
5866 69.71
5867 59.50
5868 49.75
5869 46.20
5870 93.00
5871 67.33
5872 99.33
5873 60.00
5874 276.00
5875 58.00
5876 85.20
5877 35.20
5878 67.00
5879 105.00
5880 76.50
5881 69.25
5882 45.00
5883 58.29
5884 91.50
5885 8.50
5886 87.00
5887 38.00
5888 17.00
5889 32.50
5890 54.00
5891 26.00
5892 17.00
5893 68.00
5894 14.00
5895 229.00
5896 57.00
5897 31.75
5898 4.50
5899 81.67
5900 179.67
5901 3.00
5902 26.40
5903 8.00
5904 64.33
5905 33.60
5906 69.50
5907 57.50
5908 40.17
5909 22.00
5910 42.67
5912 79.40
5913 63.67
5915 21.00
5916 65.67
5917 67.25
5918 76.75
5919 40.00
5920 57.33
5921 28.75
5922 6.00
5924 68.50
5925 59.50
5926 63.67
5928 54.00
5929 118.00
5930 55.00
5931 32.50
5932 50.25
5933 69.33
5934 65.33
5935 101.00
5936 66.00
5937 9.00
5938 78.50
5939 42.00
5940 57.33
5941 70.00
5942 2.00
5943 92.00
5944 37.00
5945 212.00
5946 70.75
5947 82.00
5948 93.00
5949 46.40
5950 111.33
5951 126.00
5952 77.50
5953 152.50
5954 91.00
5955 77.67
5956 31.00
5957 31.00
5958 49.20
5959 76.00
5960 55.75
5961 29.67
5962 35.75
5963 78.50
5964 67.00
5965 64.50
5966 50.67
5967 41.50
5968 100.00
5969 23.00
5970 71.40
5971 51.20
5972 38.00
5973 69.25
5974 55.00
5975 54.50
5976 35.33
5977 51.00
5978 60.25
5979 19.50
5980 69.17
5981 25.83
5982 74.40
5983 17.00
5984 87.00
5985 139.00
5986 14.00
5987 26.00
5988 46.33
5989 54.00
5990 64.00
5991 41.50
5993 60.67
5994 61.00
5995 12.00
5996 38.50
5997 0.00
5998 31.67
5999 31.00
6000 92.33
6001 75.50
6002 81.67
6003 61.20
6004 68.20
6005 64.33
6006 54.25
6007 79.67
6008 26.67
6009 45.50
6010 54.75
6011 32.50
6012 65.33
6013 35.75
6014 64.00
6015 24.00
6016 38.00
6017 14.00
6018 46.33
6019 238.00
6020 111.67
6022 51.50
6023 98.50
6024 115.00
6025 50.00
6026 81.75
6027 38.00
6028 24.17
6029 104.33
6030 2.00
6031 72.33
6032 101.50
6033 40.67
6034 33.50
6035 26.67
6036 70.00
6037 67.00
6038 46.00
6039 30.33
6040 7.50
6041 70.71
6042 63.00
6043 49.50
6044 78.50
6045 135.00
6046 77.00
6048 65.67
6049 46.00
6050 36.67
6051 46.00
6052 37.50
6053 6.00
6054 65.00
6055 4.00
6056 40.00
6058 51.33
6059 66.00
6060 43.00
6061 48.00
6062 24.00
6063 98.00
6064 14.00
6065 78.00
6066 31.00
6067 82.33
6068 56.86
6069 103.50
6070 67.50
6071 30.00
6072 47.71
6073 70.75
6074 68.25
6075 53.80
6076 16.60
6077 93.86
6078 21.75
6079 34.00
6080 40.75
6081 78.00
6082 20.00
6083 72.60
6084 79.00
6085 101.75
6086 11.50
6087 55.67
6088 13.00
6089 50.50
6090 72.20
6091 26.00
6092 19.75
6093 98.67
6094 62.25
6095 128.17
6096 93.00
6097 78.33
6098 53.33
6099 65.67
6100 96.60
6101 131.00
6102 14.00
6103 38.00
6104 55.75
6105 39.88
6106 81.00
6107 104.50
6108 72.25
6109 86.00
6110 18.00
6111 55.00
6112 154.00
6113 41.75
6114 71.00
6115 51.50
6116 174.00
6117 23.50
6118 102.00
6119 31.00
6120 46.50
6121 82.50
6122 64.00
6124 94.75
6125 115.33
6126 13.00
6127 40.00
6128 49.00
6129 137.50
6130 45.33
6131 69.00
6132 67.50
6133 87.00
6134 64.00
6135 95.80
6136 10.50
6137 27.00
6138 75.67
6139 54.83
6140 11.67
6141 12.67
6142 105.25
6143 83.00
6144 198.00
6146 34.67
6147 30.40
6148 15.00
6149 35.75
6150 33.20
6151 99.83
6152 40.17
6154 105.00
6155 37.50
6157 19.20
6159 121.50
6161 109.50
6162 59.33
6163 38.33
6164 43.00
6166 35.33
6167 50.50
6168 37.00
6169 129.50
6171 20.00
6172 15.00
6173 67.33
6174 6.00
6175 60.00
6176 110.60
6177 59.57
6178 51.00
6179 152.00
6180 29.50
6181 61.57
6182 6.00
6183 24.00
6184 62.33
6185 45.00
6186 39.33
6187 83.60
6188 27.50
6189 137.00
6190 125.67
6191 58.67
6192 65.00
6193 48.00
6194 198.00
6195 45.14
6196 42.60
6197 127.50
6198 39.00
6199 59.00
6200 172.00
6201 52.00
6202 7.50
6203 63.71
6204 55.50
6205 127.00
6206 74.00
6207 42.00
6209 46.50
6210 60.75
6211 72.67
6212 40.50
6213 142.50
6214 80.67
6215 95.67
6216 66.22
6217 10.00
6218 26.33
6219 129.40
6220 76.00
6221 152.00
6223 115.00
6224 37.00
6225 129.67
6226 23.00
6227 27.00
6228 28.20
6229 48.75
6230 34.67
6231 11.00
6233 22.00
6234 46.00
6235 21.00
6236 53.50
6237 121.00
6238 31.50
6239 84.00
6240 43.00
6241 79.00
6242 79.25
6243 132.33
6244 120.00
6245 115.00
6246 41.50
6247 88.14
6249 266.00
6250 26.00
6251 90.33
6252 19.00
6253 67.33
6254 41.25
6256 60.20
6257 100.67
6258 84.50
6259 16.50
6261 91.00
6262 5.00
6263 93.00
6264 57.50
6265 21.00
6266 67.00
6268 86.20
6269 80.50
6270 76.67
6271 79.33
6272 79.00
6273 91.83
6275 28.86
6276 135.67
6277 31.00
6278 40.00
6279 52.67
6280 35.50
6281 50.75
6282 44.00
6284 99.50
6285 10.00
6286 76.50
6288 93.25
6289 62.60
6290 64.43
6291 77.00
6292 60.00
6293 82.00
6294 129.00
6295 24.33
6296 92.33
6297 54.00
6298 39.00
6299 61.50
6300 107.00
6301 261.00
6303 69.56
6304 43.00
6305 12.50
6306 97.33
6307 42.20
6308 120.33
6309 37.33
6310 21.00
6311 85.00
6312 31.50
6313 63.00
6314 12.00
6315 3.00
6316 73.33
6317 40.00
6318 65.75
6319 61.50
6320 59.67
6321 27.00
6322 60.00
6323 48.78
6324 54.20
6325 64.43
6326 31.75
6327 65.33
6328 32.00
6329 60.67
6330 81.17
6331 82.00
6332 109.00
6333 29.33
6334 129.00
6335 216.00
6336 48.33
6337 59.50
6338 80.00
6339 40.40
6340 8.00
6341 49.25
6342 75.00
6343 36.00
6344 52.75
6345 68.00
6346 40.00
6347 62.00
6349 116.00
6350 27.40
6351 46.00
6352 87.00
6353 93.00
6354 50.50
6355 73.00
6356 49.33
6357 80.50
6358 95.40
6360 71.00
6361 63.50
6362 32.00
6363 5.00
6364 105.00
6365 39.00
6367 101.83
6368 49.33
6369 29.33
6370 47.00
6371 253.00
6372 107.50
6373 116.00
6374 47.00
6375 27.25
6376 27.67
6377 67.50
6378 74.00
6379 60.00
6380 46.00
6381 44.00
6382 28.00
6383 75.00
6384 73.50
6386 121.00
6387 89.00
6388 95.75
6389 12.00
6390 131.75
6391 34.33
6392 59.00
6393 34.33
6394 100.00
6396 269.00
6397 45.00
6398 49.60
6399 71.25
6400 63.00
6401 107.50
6402 27.00
6403 16.00
6404 64.75
6405 48.00
6406 18.67
6407 42.00
6409 46.00
6410 78.00
6412 40.00
6413 75.50
6414 37.00
6415 64.50
6416 118.40
6417 122.50
6418 56.33
6419 64.67
6420 34.67
6421 48.00
6422 81.67
6423 60.00
6424 84.78
6426 88.00
6427 43.00
6428 37.40
6429 56.00
6430 188.00
6431 56.40
6432 63.00
6433 30.25
6434 50.00
6435 114.00
6436 74.80
6437 58.67
6438 140.50
6439 72.50
6440 77.60
6441 118.33
6442 56.50
6443 90.38
6444 104.25
6445 31.00
6446 132.33
6447 58.50
6448 30.00
6449 65.00
6450 99.20
6451 26.00
6452 9.50
6453 24.25
6454 45.50
6455 69.67
6456 38.25
6457 44.00
6458 69.33
6459 41.33
6460 57.00
6461 92.00
6462 33.50
6463 97.50
6464 33.67
6465 59.38
6466 68.00
6467 54.50
6468 50.67
6470 4.00
6471 8.00
6472 29.50
6473 7.50
6474 74.00
6475 43.00
6476 74.29
6477 49.33
6478 67.67
6479 79.25
6480 26.33
6481 79.75
6482 25.17
6483 178.00
6484 47.00
6485 43.00
6486 42.20
6487 25.50
6488 79.33
6489 30.00
6490 98.00
6491 5.00
6492 18.50
6493 91.50
6494 82.00
6496 105.33
6497 35.25
6498 44.67
6499 56.60
6500 113.00
6501 13.33
6502 124.00
6503 99.00
6504 141.00
6505 99.00
6506 91.25
6507 63.40
6508 161.00
6509 136.33
6510 84.33
6511 67.20
6512 66.50
6513 39.00
6514 27.00
6515 24.50
6516 3.00
6517 30.25
6518 73.83
6519 48.00
6520 176.00
6521 70.75
6522 106.25
6523 16.50
6524 50.00
6525 172.00
6526 146.00
6528 92.33
6529 21.00
6530 19.33
6531 35.33
6532 26.50
6533 13.67
6534 8.00
6535 68.50
6536 72.25
6537 33.50
6538 37.33
6539 45.50
6540 100.67
6541 77.00
6542 60.20
6543 29.00
6544 66.50
6545 59.00
6546 32.00
6547 69.00
6548 78.17
6549 39.25
6551 135.00
6552 34.00
6553 5.00
6554 138.67
6555 29.67
6556 46.00
6557 49.50
6558 14.00
6559 88.50
6560 23.00
6561 47.00
6562 25.00
6563 56.67
6564 67.40
6565 109.00
6566 21.00
6567 41.50
6568 71.75
6569 65.00
6570 92.00
6571 40.50
6572 13.50
6573 4.50
6574 113.00
6575 111.00
6576 53.00
6577 77.00
6578 25.00
6579 103.00
6580 69.00
6582 63.00
6583 33.25
6584 88.25
6586 4.00
6587 34.75
6588 51.00
6589 45.33
6590 29.50
6591 30.00
6592 106.33
6593 5.00
6594 15.33
6595 86.75
6596 68.50
6597 65.00
6598 58.80
6599 94.50
6600 39.60
6602 6.00
6603 74.71
6604 27.67
6605 81.33
6606 65.00
6607 26.00
6608 113.83
6609 46.00
6610 96.67
6611 83.86
6612 40.00
6613 58.75
6614 104.50
6615 53.20
6616 21.67
6617 154.00
6618 108.75
6619 20.00
6620 77.33
6621 85.00
6622 47.25
6623 47.67
6625 61.67
6626 72.50
6627 23.40
6628 65.60
6629 38.00
6630 262.00
6631 49.33
6632 72.14
6633 104.60
6634 46.00
6635 28.00
6636 143.00
6637 79.00
6638 73.25
6639 29.50
6641 106.00
6642 46.00
