0 204.00
1 31.17
2 44.67
3 63.00
4 22.25
5 36.00
6 28.00
7 29.20
8 45.50
9 51.00
10 39.00
11 80.00
12 87.43
13 27.80
14 47.50
15 15.33
16 63.25
17 56.57
18 44.25
19 79.25
20 65.50
21 45.75
22 102.50
23 59.50
24 41.00
26 67.60
27 68.71
28 32.25
29 62.90
30 76.83
31 30.33
33 39.00
34 83.67
35 38.60
36 31.00
37 115.00
38 39.33
39 23.50
40 76.50
41 43.50
42 72.67
43 36.17
44 16.67
45 14.00
46 64.80
47 93.80
48 12.00
49 46.33
50 125.60
51 60.17
52 67.00
53 90.17
54 40.50
55 102.75
56 76.50
57 166.67
58 74.20
59 48.80
60 29.00
61 63.50
62 124.80
63 116.00
64 40.00
65 53.25
66 141.00
67 41.00
68 180.50
69 95.57
70 18.33
71 100.50
72 51.60
73 36.00
75 33.43
76 70.50
77 43.00
78 150.75
79 20.83
80 26.71
81 23.50
82 51.00
83 87.00
84 106.20
85 27.33
86 28.33
87 91.00
88 90.00
89 62.25
90 77.50
92 77.33
93 96.40
94 104.33
95 32.75
96 33.29
97 38.25
98 61.00
99 38.86
100 115.80
101 69.80
102 77.43
103 52.88
104 72.71
105 52.00
106 92.00
107 40.33
108 44.00
109 87.00
110 64.00
111 120.50
112 50.17
113 112.00
114 72.50
115 44.00
116 134.50
117 47.50
118 49.40
119 63.25
120 50.60
121 53.00
122 159.67
123 19.20
124 59.75
125 49.00
126 42.00
127 65.00
128 121.00
129 14.50
130 78.33
131 59.60
132 53.00
133 46.50
134 91.50
135 68.00
136 70.00
137 56.89
138 41.67
139 63.50
140 48.33
141 24.00
142 19.33
143 92.00
144 67.33
145 63.67
146 32.00
147 122.86
148 24.00
149 129.00
150 113.00
151 24.50
152 60.00
153 96.25
154 54.00
155 74.75
156 52.00
157 50.00
158 36.20
159 23.67
160 95.17
161 30.25
162 61.67
163 43.00
164 29.80
165 59.00
166 24.25
167 21.60
168 27.00
169 43.33
170 29.00
171 29.25
172 44.88
173 40.75
174 52.80
175 57.00
176 74.17
177 17.25
178 66.60
179 46.20
180 47.50
181 53.50
182 25.60
183 60.12
184 44.67
185 75.17
186 69.20
187 50.50
188 23.14
189 56.00
190 108.67
191 39.67
192 30.33
193 30.33
194 27.00
195 85.80
196 52.00
197 29.50
198 155.00
199 90.50
200 28.80
201 28.25
202 90.75
203 35.00
204 57.50
205 64.80
206 75.50
207 66.75
208 90.00
209 43.14
210 78.00
211 41.67
212 22.40
213 43.50
214 36.00
215 70.40
216 90.00
217 84.67
218 74.20
219 118.75
220 8.00
221 76.50
223 58.00
224 47.50
225 55.67
226 60.00
227 2.00
228 41.20
229 43.00
230 14.75
231 105.67
232 97.25
233 48.50
234 164.25
235 53.00
236 35.80
237 80.25
238 98.67
239 76.80
240 74.88
241 60.33
242 106.75
243 33.25
244 29.83
245 43.33
246 75.33
247 42.80
248 57.25
249 25.00
250 16.00
251 57.57
252 34.50
253 53.83
254 25.50
255 67.67
256 32.00
257 78.00
258 21.00
259 11.33
260 29.00
261 56.60
262 89.83
263 51.50
264 31.80
265 64.60
266 61.80
267 47.50
268 84.50
269 42.50
270 7.00
271 42.43
272 22.00
273 84.50
274 50.50
275 41.25
276 68.00
277 98.00
278 97.00
279 47.00
280 39.33
281 72.50
282 48.00
283 32.00
284 78.33
285 10.50
286 46.38
287 54.60
288 36.33
289 61.00
290 45.00
291 102.00
292 28.00
293 34.50
294 60.00
295 45.00
296 20.33
297 46.50
298 40.33
299 106.25
300 80.12
302 56.40
303 64.50
304 21.86
305 53.40
306 90.40
307 2.00
308 39.20
309 83.00
310 47.67
311 63.60
312 49.67
313 113.44
314 47.20
315 34.40
316 67.40
317 54.00
319 70.83
320 44.50
321 46.20
322 40.50
323 81.50
324 128.33
325 91.40
326 47.00
327 54.00
328 70.60
329 25.75
330 54.50
331 111.00
332 66.83
333 63.25
334 96.17
335 52.00
336 61.60
337 61.00
338 57.50
339 82.00
340 109.50
341 80.50
342 45.00
344 125.67
345 111.67
346 26.00
347 183.50
348 82.80
349 58.25
350 35.00
351 92.50
352 97.00
353 61.50
354 26.50
355 53.50
356 130.17
357 92.30
358 60.14
359 27.67
360 57.40
361 66.67
362 74.17
363 52.67
364 52.50
365 162.50
366 78.86
367 82.40
368 64.00
369 78.50
370 54.71
371 41.00
372 37.33
373 109.67
374 83.80
375 60.20
376 51.00
377 39.00
378 18.33
379 72.17
380 39.25
381 46.00
382 48.20
383 44.00
384 95.00
385 50.33
386 44.40
387 167.00
388 81.80
389 116.00
390 110.50
391 57.33
392 44.75
393 13.67
394 65.75
395 20.50
396 73.00
397 69.89
398 64.20
399 56.00
400 101.67
401 28.50
402 91.00
403 101.60
405 86.40
406 34.38
407 64.00
408 44.20
409 45.80
410 33.50
411 100.25
412 34.29
413 67.30
414 75.75
415 68.50
416 40.20
417 46.00
418 78.25
419 86.67
420 180.00
421 124.50
422 123.20
423 20.67
424 42.00
425 59.80
426 34.33
427 32.33
428 61.25
429 43.20
430 43.80
431 10.00
432 30.67
433 50.50
434 81.00
435 40.50
436 15.00
437 99.75
438 102.50
439 11.50
440 84.33
441 35.50
442 104.67
443 97.40
444 41.00
445 6.50
446 112.71
447 96.17
448 58.50
449 23.00
450 79.20
451 62.67
452 168.50
453 69.80
454 56.75
455 66.00
456 100.50
457 52.00
458 28.00
459 60.40
460 60.33
461 35.67
462 49.00
463 24.00
464 28.50
465 93.25
466 35.00
467 76.00
468 115.33
469 89.00
470 39.75
471 39.60
472 79.00
473 28.33
474 68.80
475 64.50
476 38.67
477 43.25
478 24.67
479 24.67
480 58.60
481 51.00
482 27.67
483 56.00
484 34.50
485 51.57
486 110.00
487 107.50
488 69.20
489 153.33
490 56.86
491 63.60
492 51.00
493 28.00
494 14.00
495 40.67
496 54.50
497 39.75
498 32.20
499 14.33
500 78.00
501 68.83
502 43.14
503 38.00
504 161.50
505 26.00
506 134.00
508 52.25
509 29.80
510 32.25
511 64.25
512 116.00
513 69.00
514 41.67
515 58.00
516 10.00
517 34.33
518 80.67
519 35.00
520 37.00
521 32.33
522 43.00
523 5.00
524 18.50
525 69.25
526 59.25
527 69.50
528 66.33
529 64.75
530 75.00
531 23.50
532 60.38
533 46.60
534 59.00
535 45.50
536 53.33
537 53.50
538 65.00
539 52.20
540 71.50
541 38.75
542 28.00
543 35.75
544 29.00
545 45.25
546 8.00
547 56.25
548 112.00
549 9.33
551 57.00
552 44.86
553 58.00
554 57.00
555 27.50
556 75.25
557 54.00
558 62.00
559 86.00
560 21.00
561 18.50
562 50.50
563 37.33
564 31.67
565 16.00
566 76.50
567 66.00
568 69.50
569 75.00
570 86.00
571 80.00
572 25.75
573 71.00
574 43.33
575 68.00
576 73.86
577 41.00
578 74.33
579 45.33
580 47.00
581 50.67
582 25.00
583 59.67
584 25.67
585 84.00
586 92.29
587 41.25
588 108.00
589 85.00
590 83.89
591 31.00
592 167.50
593 79.80
594 31.00
595 70.00
596 40.75
597 69.75
598 10.00
599 13.33
600 63.00
601 152.00
602 57.00
603 75.50
604 2.00
605 73.60
606 60.38
607 45.50
608 102.00
609 56.33
610 92.67
611 255.00
612 14.00
613 25.00
614 77.25
615 53.00
616 98.00
617 38.00
618 17.50
619 81.25
620 135.67
621 160.00
622 85.00
623 78.33
624 79.67
625 38.83
626 22.00
627 67.75
628 103.33
629 26.00
630 88.33
631 62.67
632 29.00
633 70.00
634 122.00
635 76.00
636 46.67
637 51.25
638 32.00
639 58.20
640 21.00
641 30.33
642 39.00
643 20.00
644 29.00
645 43.60
646 59.00
647 94.80
648 89.17
649 86.67
650 29.50
651 119.67
652 69.00
653 76.33
654 80.67
655 86.33
656 76.67
657 46.75
658 64.43
659 107.00
660 57.33
661 28.00
662 63.43
663 87.50
664 129.67
665 84.00
666 171.00
667 53.00
668 34.25
669 53.33
670 99.67
671 60.50
672 186.33
673 36.00
674 59.80
675 73.50
676 64.25
677 130.00
678 25.17
679 50.86
680 55.00
681 102.25
682 0.00
683 41.80
684 37.67
685 65.25
686 104.25
687 81.86
688 81.50
689 99.75
690 52.75
691 162.75
692 86.75
693 49.67
694 31.75
696 61.60
697 89.50
698 31.50
699 39.75
700 91.00
701 73.00
702 149.50
703 109.00
704 43.17
705 80.57
706 48.75
707 35.00
708 67.10
710 41.00
711 61.40
712 65.00
713 59.00
714 25.25
715 61.00
716 106.67
717 30.60
718 49.00
719 72.60
720 89.75
721 11.00
722 80.00
723 58.67
724 70.00
725 0.00
726 78.00
727 78.67
728 6.00
729 8.25
730 61.50
731 35.67
732 54.33
733 61.14
734 14.00
735 84.50
736 86.75
737 60.71
738 22.67
739 41.00
740 79.80
741 66.50
742 24.75
743 52.14
744 66.57
745 96.67
746 122.00
747 74.00
748 20.00
749 58.20
750 161.00
751 42.50
752 77.50
753 59.00
754 75.00
755 80.80
756 88.00
757 81.60
758 67.00
759 26.25
760 65.83
761 124.25
762 50.50
763 129.33
764 86.50
765 102.00
766 108.86
767 55.33
768 40.00
769 57.67
770 29.25
771 14.00
772 70.50
773 82.50
774 34.00
775 18.20
776 43.00
777 1.00
778 29.00
779 64.50
780 47.17
781 27.50
782 38.20
783 43.50
784 44.33
785 57.33
786 13.33
787 62.25
788 46.36
789 29.00
790 34.38
791 31.00
792 59.00
793 69.33
794 83.00
795 22.50
796 65.75
797 103.60
798 55.67
799 91.25
800 61.50
801 30.75
802 119.25
803 45.50
804 24.50
805 54.14
806 112.17
807 72.00
808 47.75
809 73.50
810 9.00
811 30.25
812 155.00
813 24.25
814 96.67
815 57.75
816 46.50
818 79.67
819 1.00
820 101.00
821 58.25
822 28.67
823 166.00
824 57.00
825 53.00
826 73.00
827 82.60
828 47.83
829 96.25
830 70.67
831 54.75
832 65.75
833 79.50
834 12.50
835 40.67
836 14.00
837 126.00
838 24.00
839 92.00
840 97.50
841 52.00
842 32.33
843 85.40
844 38.00
845 34.00
847 22.00
848 32.00
849 48.83
850 47.00
852 24.60
853 53.00
854 95.75
855 82.75
856 93.75
857 113.80
858 57.25
859 96.00
860 11.00
861 62.50
862 79.00
863 71.33
864 54.50
865 75.67
866 128.50
867 92.00
868 71.67
869 53.43
870 19.00
871 79.20
872 77.50
873 89.25
874 90.33
875 72.00
876 34.67
877 38.33
878 22.80
879 94.83
880 117.00
881 40.50
882 106.75
883 57.67
884 88.67
885 55.57
886 51.67
887 79.80
888 113.50
889 66.33
890 34.67
891 31.00
892 57.83
893 90.25
894 48.00
895 46.33
896 43.00
897 77.80
898 53.20
899 36.50
900 60.50
901 55.50
902 33.67
903 58.00
904 92.00
905 132.00
906 83.75
907 66.50
908 59.25
909 27.00
910 61.75
911 81.40
912 77.40
913 45.00
914 50.00
915 96.00
916 27.00
917 79.33
918 29.67
919 64.67
920 268.00
921 72.00
922 92.75
923 76.20
924 16.00
925 43.33
926 85.00
927 68.67
928 46.38
929 65.20
930 8.00
931 62.86
932 37.00
933 109.33
934 31.20
935 87.00
936 54.00
937 154.00
938 56.90
939 27.67
940 31.40
941 48.67
942 113.33
943 120.00
944 31.00
945 19.50
946 5.00
947 71.83
948 79.83
949 20.67
950 47.25
951 89.00
952 33.25
953 80.17
954 62.80
955 45.75
956 70.00
958 28.33
959 46.67
960 27.33
961 106.75
962 82.00
963 21.33
964 74.50
965 84.67
966 59.40
967 61.43
968 46.50
969 17.33
970 43.75
971 49.50
972 136.33
973 30.00
974 83.43
975 53.60
976 33.00
977 7.50
978 50.62
979 59.60
980 85.67
981 33.67
982 75.80
983 14.67
984 72.57
985 32.75
986 71.50
987 45.38
988 114.83
989 43.00
990 24.50
991 87.50
992 46.50
993 31.00
994 50.00
995 27.33
996 91.17
997 27.00
998 94.00
999 82.00
1001 58.50
1002 85.00
1003 38.75
1004 32.00
1005 79.60
1006 31.50
1007 30.67
1008 55.57
1009 39.00
1010 78.80
1011 34.40
1012 34.00
1013 99.00
1014 9.33
1015 33.00
1016 122.67
1017 97.67
1018 98.00
1019 39.80
1020 87.67
1021 60.00
1022 4.00
1023 62.00
1024 27.00
1025 65.75
1026 146.00
1027 91.67
1028 92.14
1029 87.00
1030 47.00
1031 54.50
1032 49.29
1033 85.00
1034 44.00
1035 36.33
1036 52.50
1037 126.80
1038 29.00
1039 56.14
1040 114.00
1041 32.50
1042 44.40
1043 20.00
1044 34.11
1045 42.50
1046 73.00
1047 34.00
1048 109.50
1049 84.00
1050 24.20
1051 16.83
1052 25.33
1053 97.00
1054 79.00
1055 86.33
1056 23.00
1057 38.25
1058 79.25
1059 85.71
1061 52.50
1062 97.20
1063 77.33
1064 37.00
1065 64.50
1066 42.75
1067 12.67
1068 79.14
1069 41.00
1070 57.25
1071 65.20
1072 46.00
1073 67.40
1074 29.80
1075 42.50
1076 58.75
1077 28.80
1078 72.29
1079 97.25
1080 40.00
1081 166.50
1082 139.33
1083 91.40
1084 2.50
1085 50.00
1086 45.60
1087 0.00
1088 46.50
1089 84.00
1090 27.50
1091 97.50
1092 290.00
1093 72.75
1094 138.00
1095 112.50
1096 60.00
1097 37.33
1098 115.00
1099 39.00
1100 37.33
1101 116.25
1102 20.62
1103 93.00
1104 59.25
1105 27.00
1106 20.00
1107 66.60
1108 30.00
1109 39.25
1110 34.00
1111 161.50
1112 114.50
1113 137.00
1114 33.80
1115 54.00
1116 61.60
1117 37.75
1118 47.75
1119 14.00
1120 17.00
1121 23.00
1122 83.80
1123 64.80
1124 118.00
1125 44.50
1126 44.80
1127 80.40
1128 45.50
1129 83.40
1130 87.50
1131 53.75
1132 1.00
1133 77.00
1134 61.38
1135 88.75
1136 87.67
1137 33.33
1138 114.00
1139 41.25
1140 93.00
1141 59.60
1142 68.90
1143 101.20
1144 55.71
1145 150.00
1146 73.80
1147 100.57
1148 58.00
1149 53.00
1150 64.60
1151 47.00
1152 45.75
1153 28.00
1154 71.17
1155 70.67
1156 57.00
1157 80.50
1158 34.50
1159 58.50
1160 75.00
1161 42.00
1162 56.57
1163 149.00
1164 59.20
1165 34.00
1166 27.75
1167 190.00
1168 50.50
1169 42.78
1171 98.33
1172 52.00
1173 125.00
1174 91.60
1175 84.25
1176 42.86
1177 64.67
1178 86.67
1179 29.00
1180 117.50
1181 87.50
1182 90.40
1183 106.50
1184 32.00
1185 180.00
1186 65.00
1187 5.00
1188 29.00
1189 104.50
1190 61.25
1191 34.67
1192 67.50
1193 41.25
1194 54.67
1195 171.67
1196 93.00
1197 50.60
1198 136.00
1199 71.33
1200 46.17
1201 55.60
1202 86.60
1203 92.25
1204 32.60
1205 207.00
1206 18.67
1207 89.25
1208 49.00
1209 6.00
1210 36.00
1211 43.25
1212 142.25
1213 41.00
1214 25.33
1215 121.50
1216 48.00
1217 39.80
1218 65.60
1219 8.00
1220 73.40
1221 104.50
1222 42.25
1223 37.50
1224 178.33
1225 101.67
1226 12.33
1227 74.00
1228 82.67
1229 60.75
1230 54.17
1231 91.33
1232 107.00
1233 100.20
1234 43.33
1235 15.20
1236 116.50
1237 81.20
1238 60.33
1239 36.00
1240 68.50
1241 52.29
1242 69.50
1243 143.00
1244 48.75
1245 45.50
1246 168.00
1247 82.67
1248 92.00
1249 76.00
1250 109.43
1251 12.67
1252 67.67
1253 40.67
1254 106.00
1255 65.00
1256 51.67
1257 72.75
1258 38.20
1259 65.50
1260 80.33
1261 41.67
1262 88.17
1263 52.67
1264 51.00
1265 55.00
1266 70.67
1267 2.50
1268 54.67
1269 111.67
1270 86.00
1271 44.25
1272 59.89
1273 127.00
1275 50.86
1276 69.33
1277 84.00
1278 38.00
1279 105.33
1280 37.20
1281 100.50
1282 110.00
1283 30.40
1284 81.50
1285 109.00
1286 9.00
1287 95.00
1288 51.00
1289 12.25
1290 87.14
1291 35.50
1292 59.33
1293 98.00
1294 39.00
1295 91.67
1296 19.50
1297 70.00
1298 33.25
1299 70.17
1300 92.83
1301 53.40
1302 80.50
1303 78.33
1304 52.00
1305 67.00
1306 21.25
1307 2.00
1308 114.67
1309 51.00
1310 50.43
1311 20.40
1312 5.00
1313 68.50
1314 32.60
1315 34.67
1316 13.00
1317 34.00
1318 44.25
1319 79.00
1320 74.50
1321 97.80
1322 76.25
1323 32.11
1324 27.00
1325 70.40
1326 20.00
1327 134.50
1328 57.60
1329 96.67
1330 124.75
1331 50.80
1332 41.50
1333 100.33
1334 24.00
1335 89.75
1336 5.00
1337 122.50
1338 232.00
1339 28.67
1340 24.00
1341 66.17
1342 34.83
1343 45.00
1344 35.75
1345 63.25
1346 132.50
1347 29.50
1348 55.00
1349 29.00
1350 17.00
1351 45.75
1352 43.50
1353 35.67
1354 137.00
1355 66.20
1356 60.80
1357 63.00
1358 56.00
1359 42.75
1360 89.33
1361 34.17
1362 40.33
1363 43.00
1364 105.00
1365 150.00
1366 23.25
1367 101.75
1368 31.75
1369 88.00
1370 158.50
1371 39.50
1372 62.20
1373 81.25
1374 58.83
1375 102.00
1376 60.00
1377 35.33
1378 68.20
1379 93.75
1380 21.40
1381 46.12
1382 26.43
1383 82.86
1384 46.75
1385 17.50
1386 58.14
1387 110.50
1388 93.50
1389 44.00
1390 74.12
1391 137.00
1392 8.50
1393 119.67
1394 11.00
1395 70.00
1396 38.67
1397 39.33
1398 207.33
1399 16.67
1400 53.40
1401 31.33
1402 86.33
1403 15.75
1404 50.50
1405 69.00
1406 45.20
1407 30.50
1408 41.80
1409 6.50
1410 42.00
1411 239.00
1412 36.33
1413 61.86
1414 25.25
1415 48.00
1416 66.00
1417 30.00
1418 126.00
1419 38.50
1420 49.33
1421 23.00
1422 91.50
1423 96.00
1424 37.50
1425 55.67
1426 58.60
1427 84.25
1428 29.67
1429 54.40
1430 47.75
1431 98.50
1432 78.09
1433 30.00
1434 91.00
1435 67.50
1436 45.25
1437 62.17
1438 42.25
1439 54.50
1440 56.00
1441 13.67
1442 79.00
1443 57.00
1444 51.50
1445 16.25
1446 85.50
1447 31.33
1448 49.67
1449 48.67
1450 89.80
1451 59.40
1452 10.00
1453 84.67
1454 27.67
1455 69.73
1456 27.00
1457 70.50
1458 49.00
1459 21.00
1460 50.00
1461 45.00
1462 41.38
1463 22.50
1464 39.00
1465 85.00
1466 150.67
1467 56.00
1468 40.00
1469 42.50
1470 80.83
1471 25.67
1472 77.50
1473 101.50
1474 68.86
1475 16.00
1476 78.88
1477 59.50
1478 76.00
1479 63.00
1480 48.67
1481 51.80
1482 17.00
1483 36.14
1484 54.20
1485 119.83
1487 88.50
1488 58.71
1489 55.29
1490 159.00
1491 33.50
1492 160.50
1493 65.20
1494 45.60
1495 74.00
1496 53.80
1497 134.33
1498 84.80
1499 13.67
1500 29.00
1501 60.80
1502 86.00
1503 100.67
1504 34.67
1505 94.83
1506 129.00
1507 137.75
1508 77.20
1509 70.50
1510 33.67
1511 51.00
1512 70.00
1513 94.00
1514 45.80
1515 67.75
1516 55.00
1517 5.50
1518 66.75
1519 58.00
1520 26.00
1521 42.50
1522 64.33
1523 41.50
1524 91.50
1525 26.00
1526 91.50
1527 48.50
1528 69.75
1529 23.00
1530 59.43
1531 73.25
1532 77.00
1533 59.60
1534 59.00
1535 22.25
1536 30.14
1537 164.33
1538 38.00
1539 53.67
1540 37.67
1541 48.00
1542 20.67
1543 78.00
1544 35.00
1545 47.00
1546 74.33
1547 26.25
1548 107.25
1549 29.00
1550 68.33
1551 22.20
1552 30.00
1553 48.00
1554 99.50
1555 51.80
1556 39.71
1557 163.33
1558 51.80
1559 43.75
1560 46.00
1561 52.80
1562 55.00
1563 26.50
1564 47.50
1565 20.50
1566 80.25
1567 54.33
1568 34.17
1569 64.80
1570 13.00
1571 38.50
1572 43.80
1573 42.50
1574 58.00
1575 40.43
1576 14.50
1577 69.17
1578 24.25
1579 62.88
1580 45.60
1581 20.50
1582 41.50
1583 46.00
1584 67.80
1585 37.00
1586 90.00
1587 85.71
1588 80.25
1589 54.33
1590 81.50
1591 39.33
1592 26.67
1593 67.50
1594 52.00
1595 42.40
1596 62.33
1597 47.00
1598 141.40
1599 51.00
1600 17.20
1601 63.25
1602 77.12
1603 68.75
1605 36.00
1606 70.50
1607 119.67
1608 64.83
1609 47.67
1610 72.00
1611 35.00
1612 66.00
1613 93.00
1614 45.83
1615 35.00
1616 34.00
1617 77.44
1618 113.43
1619 38.00
1620 75.00
1621 75.00
1622 27.00
1623 56.67
1624 29.50
1625 33.20
1626 52.17
1627 20.50
1628 68.00
1629 47.00
1630 77.00
1631 21.25
1632 54.50
1633 60.25
1634 21.00
1635 57.17
1636 75.00
1637 100.00
1638 68.50
1639 43.50
1640 48.00
1641 127.00
1642 64.00
1643 74.00
1644 13.00
1645 42.00
1646 12.00
1647 135.67
1648 84.67
1649 71.00
1650 33.75
1651 72.00
1652 45.33
1653 37.00
1654 62.33
1655 95.00
1656 54.40
1657 0.00
1658 150.00
1659 55.29
1660 75.67
1661 45.33
1662 78.40
1663 80.75
1664 38.00
1665 38.50
1666 40.00
1667 62.00
1668 52.50
1669 54.50
1670 42.33
1671 45.71
1672 101.00
1673 111.67
1674 71.86
1675 135.75
1676 116.33
1677 152.00
1678 33.67
1679 81.80
1680 27.00
1681 79.80
1682 79.67
1683 94.80
1684 163.33
1685 51.00
1686 67.20
1687 24.40
1688 48.33
1689 143.75
1690 46.75
1691 54.33
1692 43.67
1693 135.67
1694 63.00
1695 38.00
1696 56.00
1697 79.83
1698 15.50
1699 105.60
1700 101.00
1701 32.50
1702 32.60
1703 58.50
1704 46.00
1705 58.50
1706 186.25
1707 56.00
1708 141.50
1709 15.00
1710 28.60
1711 4.00
1712 47.50
1713 54.20
1714 76.14
1715 65.00
1716 32.00
1717 53.20
1718 73.00
1719 109.00
1720 22.60
1721 74.60
1722 89.60
1723 79.00
1724 23.50
1725 32.33
1726 32.50
1727 146.00
1728 70.67
1729 26.80
1730 54.80
1731 42.00
1732 28.33
1733 47.00
1734 100.67
1735 31.60
1736 64.60
1737 35.00
1738 19.67
1739 125.50
1740 84.50
1741 7.00
1742 18.17
1743 83.00
1744 14.75
1745 40.60
1746 77.83
1747 51.00
1748 75.00
1749 58.75
1750 23.67
1751 73.00
1752 41.00
1753 49.60
1754 30.00
1755 118.00
1756 31.25
1757 33.25
1758 36.33
1759 89.33
1760 38.00
1761 13.00
1762 31.50
1763 49.25
1764 90.50
1765 44.00
1766 67.00
1767 141.00
1768 38.00
1769 36.88
1770 32.57
1771 26.20
1772 62.00
1773 25.00
1774 77.00
1775 47.33
1776 33.80
1777 38.62
1778 120.75
1779 33.00
1780 103.00
1781 102.33
1782 85.14
1783 14.00
1784 31.14
1785 91.75
1786 118.20
1787 11.00
1788 60.75
1789 49.33
1790 18.67
1791 90.75
1792 115.33
1793 95.50
1794 39.00
1795 40.00
1796 100.43
1797 45.25
1798 78.00
1799 11.50
1800 40.50
1801 65.00
1802 25.40
1803 53.50
1804 65.00
1805 65.00
1806 29.00
1807 20.20
1808 48.20
1809 65.25
1810 28.40
1811 276.00
1812 47.33
1813 35.67
1814 55.67
1815 41.67
1816 192.00
1817 35.33
1818 41.20
1819 26.50
1820 120.50
1821 32.33
1822 41.25
1823 91.60
1824 29.00
1825 51.00
1826 30.25
1827 26.25
1828 120.40
1829 29.40
1830 45.33
1831 43.67
1832 115.00
1833 106.33
1834 56.85
1835 51.89
1836 71.83
1837 61.14
1838 68.00
1839 68.40
1840 223.25
1841 8.50
1842 60.00
1843 41.75
1844 35.00
1845 119.17
1846 59.50
1847 54.00
1848 40.25
1849 117.50
1850 40.29
1851 50.00
1852 74.50
1855 99.33
1856 76.75
1857 86.75
1858 40.50
1859 33.80
1860 66.67
1861 58.00
1862 34.25
1863 84.67
1864 46.40
1865 60.60
1866 132.25
1867 60.43
1868 47.00
1869 70.67
1870 27.50
1871 70.00
1872 64.75
1873 13.33
1874 50.50
1875 28.00
1876 41.00
1877 37.00
1878 43.50
1879 40.60
1880 93.33
1881 35.33
1882 98.00
1883 47.20
1884 82.71
1885 179.67
1886 24.00
1887 125.67
1888 20.43
1889 63.00
1890 70.50
1891 53.00
1892 42.50
1893 66.67
1894 15.67
1895 26.50
1896 40.75
1897 42.60
1898 89.20
1900 60.00
1901 15.50
1902 117.00
1903 61.67
1904 34.33
1906 78.50
1907 47.17
1908 180.00
1909 30.67
1910 38.00
1911 69.50
1912 94.00
1913 30.40
1914 99.71
1915 22.75
1916 83.25
1917 68.00
1918 141.00
1919 32.00
1920 55.00
1921 56.00
1922 0.50
1923 34.50
1924 85.67
1925 101.17
1926 86.50
1927 83.00
1928 39.00
1929 143.00
1930 67.50
1931 1.00
1932 6.00
1933 23.00
1934 68.00
1935 92.00
1936 71.43
1937 17.50
1938 71.50
1939 44.50
1940 26.00
1941 27.33
1942 30.40
1943 70.00
1944 21.00
1945 44.33
1946 114.67
1947 54.33
1948 83.20
1949 71.17
1950 26.50
1951 51.50
1952 105.00
1953 63.75
1954 56.67
1955 73.38
1956 14.50
1957 120.00
1958 52.50
1959 69.50
1960 71.00
1961 80.33
1962 70.67
1963 39.83
1964 86.50
1965 17.20
1966 22.00
1967 93.71
1968 42.60
1969 43.40
1970 56.00
1971 33.17
1972 65.57
1973 41.50
1974 81.75
1975 66.43
1976 77.17
1977 131.00
1978 94.86
1979 44.00
1980 30.80
1981 43.00
1982 54.50
1983 89.20
1984 17.75
1985 115.40
1986 1.00
1987 45.67
1988 63.50
1989 36.33
1990 85.00
1991 157.67
1992 12.50
1993 11.67
1994 33.67
1995 98.00
1996 42.33
1997 74.00
1998 119.00
1999 64.60
2000 153.67
2001 71.25
2002 6.00
2003 43.86
2004 35.00
2005 42.00
2006 67.33
2007 53.00
2008 59.73
2009 69.00
2010 79.00
2011 89.17
2012 28.00
2013 43.50
2014 70.67
2015 30.17
2016 57.71
2017 69.14
2018 91.00
2019 81.33
2020 83.50
2021 81.33
2022 101.20
2023 110.00
2024 34.00
2025 58.00
2026 38.33
2027 31.60
2028 75.00
2029 89.88
2030 76.00
2031 83.50
2032 46.50
2033 57.25
2034 10.00
2035 11.00
2036 21.50
2037 76.33
2038 40.33
2039 101.75
2040 71.00
2041 48.00
2042 31.00
2043 49.43
2044 49.20
2045 177.50
2046 45.00
2047 60.00
2048 138.33
2049 116.50
2050 86.20
2051 36.00
2052 19.50
2053 129.00
2054 10.33
2055 210.00
2056 10.50
2057 81.00
2058 144.00
2059 36.83
2060 22.50
2061 65.50
2062 80.00
2063 44.50
2064 116.43
2065 73.33
2066 2.50
2067 14.40
2068 78.75
2069 114.00
2070 54.67
2071 87.00
2072 75.00
2073 63.14
2074 44.20
2075 84.50
2076 106.00
2077 93.29
2078 76.00
2079 99.36
2080 26.00
2081 65.33
2082 103.25
2083 54.60
2084 38.00
2085 73.00
2086 100.50
2087 54.00
2088 72.00
2089 130.67
2090 80.50
2091 46.00
2092 59.50
2093 51.50
2094 72.75
2095 37.50
2096 31.00
2097 55.20
2098 43.25
2099 111.33
2101 22.20
2102 34.20
2103 211.00
2104 71.00
2105 57.33
2106 52.60
2107 35.00
2108 49.25
2109 81.33
2110 25.00
2111 54.00
2112 35.25
2113 40.33
2114 9.00
2115 52.20
2116 29.33
2117 46.67
2118 18.00
2119 89.50
2120 82.20
2121 53.00
2122 139.25
2123 38.00
2124 64.00
2125 87.00
2126 41.50
2127 34.75
2128 67.67
2129 11.00
2130 39.00
2131 38.86
2132 92.00
2133 86.83
2134 48.67
2135 67.25
2136 60.50
2137 59.40
2138 44.67
2139 41.00
2140 99.00
2141 51.40
2142 71.00
2143 18.00
2144 43.18
2145 26.00
2146 62.00
2147 78.00
2148 85.25
2149 18.00
2150 79.33
2151 45.00
2152 50.43
2153 67.40
2154 22.80
2155 44.00
2156 88.00
2157 23.57
2158 73.00
2159 61.50
2160 107.71
2161 26.00
2162 44.25
2163 53.50
2164 81.71
2165 50.75
2166 75.00
2167 57.00
2168 89.50
2169 105.50
2170 53.75
2171 85.75
2172 72.80
2173 33.00
2174 89.40
2175 131.25
2176 67.25
2177 58.67
2178 18.40
2179 127.50
2180 95.67
2181 27.67
2182 25.00
2183 61.67
2184 31.00
2185 6.00
2186 50.75
2187 59.00
2188 97.40
2189 65.80
2190 101.00
2191 95.50
2192 64.75
2193 3.67
2194 25.00
2195 51.00
2196 28.75
2197 59.00
2198 34.14
2199 58.00
2200 62.25
2201 71.00
2202 95.00
2203 107.00
2204 79.25
2205 80.50
2206 89.40
2207 27.00
2208 27.00
2209 138.50
2210 47.88
2211 28.00
2212 7.00
2213 61.00
2214 24.00
2215 73.00
2216 29.67
2217 74.20
2218 5.00
2219 53.00
2220 34.50
2221 77.17
2222 85.00
2223 65.25
2224 72.00
2225 7.00
2226 46.75
2228 52.00
2229 40.43
2230 39.00
2231 74.17
2232 112.67
2233 68.75
2234 116.33
2235 48.67
2236 42.33
2237 64.33
2238 26.00
2239 89.60
2240 82.00
2241 56.75
2242 13.50
2243 33.67
2244 132.83
2245 38.50
2246 55.60
2247 84.60
2248 80.80
2249 58.43
2250 81.00
2251 17.00
2252 65.25
2253 36.50
2254 48.20
2255 21.33
2256 33.00
2257 60.83
2258 22.57
2259 37.33
2260 47.25
2261 55.67
2262 78.40
2263 39.33
2264 45.20
2265 99.29
2266 25.00
2267 56.50
2268 24.00
2269 67.75
2270 8.33
2271 141.00
2272 81.33
2273 43.88
2274 62.60
2275 86.75
2276 52.33
2277 73.33
2278 62.00
2279 122.60
2280 18.60
2281 43.67
2282 22.57
2283 54.57
2284 72.67
2285 37.57
2286 177.00
2287 76.50
2288 10.00
2289 54.00
2290 39.67
2291 63.00
2292 24.33
2293 110.67
2294 47.67
2295 41.50
2296 92.00
2297 34.20
2298 174.00
2299 93.25
2300 135.00
2301 109.33
2302 32.50
2303 69.67
2304 81.29
2305 21.50
2306 31.00
2307 112.00
2308 19.20
2309 31.00
2310 54.40
2311 108.00
2312 96.80
2313 52.00
2314 58.00
2315 56.25
2316 84.00
2317 33.60
2318 100.67
2319 43.50
2320 60.83
2321 16.17
2322 71.44
2323 118.25
2324 54.50
2325 29.80
2326 60.80
2327 12.00
2328 62.67
2329 78.25
2330 40.67
2331 59.20
2332 56.75
2333 136.00
2334 39.25
2335 112.50
2336 9.00
2337 70.17
2338 57.33
2339 76.50
2340 101.25
2341 92.67
2342 89.00
2343 54.25
2344 84.50
2345 56.60
2346 37.17
2347 82.43
2348 78.50
2349 35.00
2350 36.80
2351 52.33
2352 47.50
2353 46.29
2354 48.00
2355 48.50
2356 116.50
2357 46.50
2358 62.50
2359 79.50
2360 76.00
2361 47.67
2362 61.25
2363 60.33
2364 94.60
2365 69.60
2366 84.50
2367 117.33
2368 42.67
2369 51.50
2370 46.80
2371 104.50
2372 19.00
2373 19.33
2374 59.00
2375 71.20
2376 35.67
2377 80.88
2378 80.50
2379 44.83
2380 102.50
2381 107.20
2382 96.20
2383 65.50
2384 49.00
2385 22.40
2386 133.25
2387 27.00
2388 46.00
2389 52.75
2390 72.83
2391 67.80
2392 39.80
2393 31.00
2394 28.33
2395 86.00
2396 42.00
2397 50.67
2398 40.00
2399 24.00
2400 127.00
2401 71.20
2402 53.25
2403 79.75
2404 38.20
2405 24.00
2406 21.33
2407 22.00
2408 88.00
2409 20.60
2411 9.00
2412 9.00
2413 7.67
2414 102.00
2415 74.71
2416 136.20
2417 35.67
2418 45.75
2420 23.75
2421 57.00
2422 2.00
2423 96.00
2424 48.25
2425 48.33
2426 93.67
2427 72.00
2428 53.00
2429 56.40
2430 118.00
2431 46.00
2432 23.00
2433 48.33
2434 63.25
2435 138.67
2436 28.75
2437 110.67
2438 83.50
2439 61.50
2440 39.33
2441 37.33
2442 140.25
2443 46.25
2444 39.00
2445 52.67
2446 105.60
2447 16.75
2449 66.50
2450 19.33
2451 177.60
2452 47.25
2453 76.00
2454 44.71
2455 116.00
2456 55.60
2457 57.00
2458 94.00
2459 52.83
2460 71.67
2461 126.33
2462 45.50
2463 120.17
2464 43.71
2465 61.33
2466 39.25
2467 28.60
2468 10.00
2469 48.67
2470 22.80
2471 121.67
2472 54.11
2473 51.44
2474 78.40
2475 39.00
2476 56.00
2477 18.33
2478 71.00
2479 42.75
2480 19.00
2481 15.50
2482 0.00
2483 25.33
2484 95.50
2485 16.00
2486 46.67
2487 76.00
2488 47.60
2489 40.00
2490 93.50
2491 65.25
2492 86.40
2493 41.20
2494 42.62
2495 163.00
2496 26.67
2497 81.60
2498 47.50
2499 23.40
2500 55.20
2501 45.00
2502 41.00
2503 37.25
2504 38.75
2505 62.00
2506 33.00
2508 85.00
2509 81.75
2510 99.00
2511 38.12
2512 47.50
2513 53.33
2514 43.67
2515 84.50
2516 127.00
2517 101.00
2518 49.20
2519 64.33
2520 117.00
2521 39.00
2522 55.33
2523 74.83
2524 19.00
2525 34.50
2526 27.75
2527 141.25
2528 38.25
2529 45.00
2530 36.00
2532 27.00
2533 31.00
2534 50.83
2535 71.00
2536 25.75
2538 59.75
2539 48.00
2540 214.00
2541 25.50
2542 106.25
2544 40.25
2545 55.50
2546 153.29
2547 41.33
2548 50.25
2549 84.75
2550 37.14
2551 54.75
2552 69.50
2553 99.86
2554 66.20
2555 97.67
2556 27.67
2557 69.75
2558 46.50
2559 82.00
2560 55.00
2561 33.40
2562 89.00
2563 160.67
2564 25.60
2565 35.25
2566 33.50
2567 163.00
2568 64.00
2569 81.00
2570 56.71
2571 69.44
2572 70.50
2573 100.00
2574 39.80
2575 81.29
2576 92.33
2577 56.67
2578 56.12
2579 56.33
2580 19.33
2581 41.00
2582 8.00
2583 86.33
2584 82.67
2585 94.25
2586 16.00
2587 142.00
2588 69.44
2589 50.67
2590 151.50
2591 53.00
2592 9.00
2593 100.33
2594 72.29
2595 34.25
2596 64.67
2597 145.00
2598 63.00
2599 60.25
2600 103.33
2601 44.17
2602 47.20
2603 81.67
2604 64.33
2605 43.67
2606 153.00
2607 68.33
2608 36.00
2609 6.67
2610 85.67
2611 28.14
2612 81.67
2613 33.20
2614 56.00
2615 32.00
2616 4.00
2617 65.00
2618 85.75
2619 60.38
2620 60.86
2622 87.00
2623 96.83
2624 58.75
2625 64.25
2626 73.40
2628 252.00
2629 12.50
2630 28.00
2631 50.00
2632 51.33
2633 58.67
2634 66.33
2635 9.00
2636 10.33
2637 55.00
2638 18.25
2639 24.67
2640 82.20
2641 66.83
2642 65.45
2643 23.86
2644 51.67
2645 59.00
2646 52.60
2647 51.20
2648 109.00
2649 165.00
2650 49.40
2651 60.50
2652 27.00
2654 25.00
2657 22.00
2658 50.50
2659 18.00
2660 87.00
2661 103.50
2662 87.67
2663 92.67
2664 40.67
2665 53.67
2666 55.50
2667 37.00
2668 67.67
2669 69.67
2670 20.33
2672 31.40
2673 85.60
2674 25.25
2675 81.00
2676 22.00
2677 94.00
2678 73.29
2679 47.50
2680 89.00
2681 48.00
2682 24.00
2683 47.60
2684 37.00
2685 37.00
2686 116.50
2687 44.00
2688 41.40
2689 103.67
2690 30.00
2691 29.75
2692 46.29
2693 44.50
2694 85.50
2695 142.50
2696 80.50
2697 25.00
2698 154.50
2700 66.00
2701 42.33
2702 36.00
2703 61.00
2704 109.67
2705 65.50
2706 140.00
2707 146.20
2708 130.75
2709 37.00
2710 96.14
2711 82.75
2712 36.67
2713 17.50
2714 10.50
2715 57.00
2716 45.50
2717 69.00
2718 54.00
2719 97.40
2720 70.25
2721 165.67
2722 38.00
2723 60.43
2724 109.43
2725 11.67
2726 67.75
2727 51.00
2728 103.62
2729 81.50
2730 64.00
2731 35.67
2732 48.00
2733 43.67
2734 85.00
2736 36.00
2737 46.00
2738 28.75
2739 55.25
2740 11.00
2741 98.50
2742 18.50
2743 11.00
2744 53.00
2745 119.83
2746 60.33
2747 111.40
2748 84.40
2749 22.00
2750 34.00
2751 109.67
2753 120.86
2754 121.00
2755 93.57
2756 93.75
2757 51.14
2758 103.40
2759 144.00
2761 91.67
2762 93.00
2763 60.00
2764 38.50
2765 43.33
2766 5.00
2767 26.86
2768 108.00
2769 32.43
2770 50.00
2771 49.25
2772 40.75
2773 29.00
2774 71.80
2775 44.00
2776 26.50
2777 32.60
2778 58.00
2779 89.80
2780 42.20
2781 42.50
2782 21.00
2783 15.00
2784 27.00
2785 24.67
2786 48.00
2787 19.00
2788 63.83
2789 44.00
2790 63.00
2791 47.33
2792 60.75
2793 28.20
2794 67.75
2795 41.00
2796 65.60
2797 14.80
2798 106.50
2799 24.00
2800 76.83
2801 70.20
2802 52.29
2803 39.25
2804 90.75
2805 83.83
2806 14.50
2807 63.00
2808 6.00
2809 115.75
2810 41.80
2811 48.67
2812 134.83
2813 144.00
2814 49.67
2815 60.33
2816 27.17
2817 42.00
2818 24.00
2819 41.00
2820 29.75
2821 111.14
2822 27.00
2823 41.33
2824 65.33
2825 34.83
2826 60.50
2827 70.00
2828 61.20
2829 56.67
2830 76.75
2831 55.50
2832 136.50
2833 33.67
2834 89.67
2835 207.00
2836 136.33
2837 47.00
2838 28.00
2839 71.50
2840 12.67
2841 55.50
2842 105.00
2843 46.17
2844 81.50
2845 49.00
2846 54.67
2847 152.00
2848 82.00
2849 30.33
2850 123.33
2852 73.00
2853 74.00
2854 57.00
2855 35.67
2856 73.75
2857 82.67
2858 56.80
2859 69.75
2860 35.83
2861 33.80
2862 17.00
2863 72.00
2864 51.75
2865 143.25
2866 51.00
2867 32.17
2868 58.50
2869 96.50
2870 99.78
2871 77.40
2872 106.33
2873 29.67
2874 38.00
2875 21.00
2876 65.83
2877 37.00
2878 53.25
2879 95.50
2880 54.25
2881 58.00
2882 89.80
2883 18.50
2884 34.46
2885 9.67
2886 165.00
2887 89.20
2888 51.00
2889 50.00
2890 115.50
2891 66.75
2892 40.50
2893 135.00
2894 35.00
2895 47.00
2896 72.25
2897 54.80
2898 4.00
2900 31.33
2901 54.33
2903 62.25
2904 43.00
2905 37.80
2906 49.40
2907 127.33
2908 2.00
2909 36.00
2910 19.50
2911 94.00
2912 30.80
2913 42.00
2914 7.67
2915 17.50
2916 27.50
2917 52.14
2918 101.50
2919 28.00
2920 41.00
2921 39.00
2922 122.00
2923 48.18
2924 54.20
2925 46.00
2926 126.00
2927 38.25
2928 52.00
2929 49.00
2930 48.50
2931 51.00
2932 66.67
2933 96.00
2934 63.50
2935 31.00
2936 57.17
2937 40.00
2938 23.00
2939 59.29
2940 53.00
2941 62.00
2942 35.33
2943 63.25
2944 88.20
2945 32.00
2946 122.00
2947 38.50
2948 73.33
2949 107.83
2950 43.80
2951 14.00
2952 98.67
2953 101.75
2954 80.50
2955 52.75
2956 93.00
2957 73.00
2958 23.83
2959 57.56
2960 43.33
2961 40.83
2962 61.00
2963 19.00
2964 38.00
2965 56.17
2966 87.00
2967 50.38
2968 94.25
2969 128.00
2970 55.75
2971 61.83
2972 116.00
2973 83.29
2974 39.50
2975 75.25
2976 19.00
2977 51.75
2978 45.80
2979 52.00
2980 64.00
2981 71.75
2982 32.67
2983 67.40
2984 114.33
2985 83.80
2986 21.00
2987 53.25
2988 74.00
2989 33.50
2990 125.50
2991 16.75
2992 58.80
2993 33.80
2994 84.17
2995 32.00
2996 63.91
2997 27.00
2998 46.00
2999 64.00
3001 63.71
3002 47.00
3003 102.00
3004 48.12
3005 42.67
3006 29.88
3007 192.67
3008 67.00
3009 67.33
3010 24.00
3011 70.00
3012 55.33
3013 95.40
3014 83.20
3015 70.50
3016 5.00
3017 96.25
3018 74.83
3019 39.00
3020 30.50
3021 76.71
3022 63.00
3023 63.25
3024 28.50
3025 16.80
3026 45.00
3027 43.50
3028 86.00
3029 27.33
3030 89.25
3031 90.00
3032 82.50
3033 55.33
3034 80.00
3036 11.00
3037 95.00
3038 85.40
3039 52.33
3040 9.00
3041 97.20
3043 112.50
3044 27.00
3045 46.75
3046 39.33
3047 5.00
3048 83.00
3049 44.50
3050 21.00
3051 84.67
3052 54.67
3053 48.33
3054 6.50
3055 56.40
3056 51.50
3057 71.00
3058 55.40
3059 143.67
3061 88.20
3062 104.00
3063 34.00
3064 101.25
3065 6.00
3066 90.00
3067 99.00
3068 57.75
3069 45.67
3070 52.00
3071 39.60
3072 92.50
3073 71.83
3074 88.33
3075 29.00
3076 55.25
3077 54.00
3078 56.75
3079 67.00
3080 33.00
3081 36.17
3082 58.75
3083 38.40
3084 54.25
3085 90.67
3086 54.00
3087 21.50
3088 46.25
3089 44.20
3090 60.83
3091 97.50
3092 23.25
3094 68.00
3095 92.33
3096 143.33
3097 56.44
3098 111.20
3099 82.71
3100 64.50
3101 33.00
3102 83.00
3103 43.00
3105 63.00
3106 52.50
3107 110.00
3108 45.40
3109 6.00
3110 102.00
3111 36.80
3112 24.25
3113 16.50
3114 50.00
3115 58.75
3116 2.00
3117 47.75
3118 91.33
3119 43.86
3120 23.33
3121 146.00
3122 32.00
3123 116.00
3124 92.33
3125 81.40
3126 47.00
3127 52.00
3128 32.00
3129 59.43
3130 62.60
3131 70.50
3132 45.33
3133 44.00
3134 67.17
3135 12.50
3136 26.17
3137 161.00
3138 67.50
3139 78.80
3140 62.00
3141 81.88
3142 47.00
3144 105.67
3145 57.00
3146 80.00
3147 131.67
3148 52.50
3149 80.80
3150 87.40
3151 81.50
3152 38.67
3153 77.22
3154 42.00
3155 84.00
3156 90.33
3157 54.00
3158 210.00
3159 69.00
3160 70.80
3161 66.50
3162 57.33
3163 92.67
3164 105.60
3165 48.50
3166 14.00
3167 67.20
3168 23.00
3169 57.00
3170 105.25
3171 47.50
3172 4.00
3173 29.50
3174 68.67
3175 35.57
3176 222.00
3177 24.00
3178 40.00
3179 38.00
3180 75.14
3181 33.20
3182 46.00
3183 35.00
3184 123.80
3185 64.33
3186 100.00
3187 112.33
3188 48.40
3190 49.00
3191 40.67
3192 41.33
3193 3.00
3194 66.50
3195 48.83
3196 14.00
3197 34.67
3198 60.40
3199 25.50
3201 92.33
3202 118.83
3203 105.00
3204 102.80
3205 67.60
3206 73.00
3207 122.00
3208 60.75
3209 28.33
3210 57.67
3212 14.00
3213 92.00
3214 68.40
3215 67.75
3216 50.00
3217 22.50
3218 29.00
3219 30.67
3221 59.00
3222 65.67
3223 69.00
3224 29.67
3225 70.00
3226 17.50
3227 58.50
3228 38.00
3229 40.00
3230 63.20
3231 93.00
3232 91.33
3234 35.75
3235 28.00
3236 70.40
3237 45.20
3238 106.50
3239 45.33
3240 37.20
3241 53.33
3242 18.00
3243 40.33
3244 43.67
3245 38.75
3246 42.50
3247 34.00
3248 30.50
3249 67.67
3250 47.83
3251 78.67
3252 20.50
3253 96.00
3254 36.33
3255 62.00
3256 30.50
3257 58.67
3258 107.00
3259 59.33
3260 46.00
3261 158.75
3263 63.75
3264 47.75
3265 54.57
3266 39.00
3267 78.50
3268 28.33
3269 58.00
3270 21.00
3271 71.33
3272 60.33
3273 66.00
3274 19.50
3275 88.80
3276 104.20
3277 52.50
3278 93.50
3279 64.20
3280 8.00
3281 39.00
3282 27.00
3283 56.57
3284 92.33
3285 144.50
3286 51.25
3287 138.60
3288 112.50
3289 42.67
3290 17.50
3291 53.50
3292 32.00
3293 43.33
3294 44.83
3295 16.75
3296 93.00
3297 38.20
3298 49.00
3299 48.50
3300 44.80
3301 128.33
3302 56.33
3303 75.75
3304 37.00
3305 75.00
3306 80.00
3307 126.00
3308 61.00
3309 31.75
3310 149.00
3311 33.00
3312 39.40
3313 82.25
3314 47.75
3315 103.00
3316 32.50
3317 167.00
3318 74.80
3319 60.17
3320 45.50
3321 83.67
3322 59.25
3323 86.00
3324 99.00
3325 48.88
3326 34.80
3327 80.86
3328 123.67
3329 28.00
3330 62.00
3331 49.00
3332 43.00
3333 41.50
3334 43.80
3335 51.50
3336 39.40
3337 37.00
3338 73.25
3339 22.50
3340 54.75
3341 79.14
3342 71.33
3343 46.75
3344 41.33
3345 30.00
3346 93.17
3347 90.20
3348 35.60
3349 34.00
3350 34.67
3351 75.17
3352 86.80
3353 28.33
3354 96.43
3355 114.20
3356 151.75
3357 38.80
3358 70.50
3359 66.60
3360 52.33
3361 25.50
3362 95.50
3363 107.67
3364 38.50
3365 39.00
3366 75.67
3367 83.00
3368 103.33
3369 50.75
3370 79.86
3371 15.00
3372 64.60
3373 25.67
3374 41.75
3375 71.33
3376 119.00
3377 56.33
3378 119.50
3379 33.33
3380 36.33
3381 77.20
3382 46.80
3383 84.67
3384 49.83
3385 77.33
3386 94.71
3387 35.25
3388 85.00
3389 93.50
3390 17.00
3391 37.00
3392 65.60
3393 99.60
3394 83.43
3395 131.00
3396 54.50
3397 42.00
3398 45.25
3399 101.17
3400 120.00
3401 52.50
3402 58.67
3403 36.33
3404 47.60
3405 43.50
3406 74.00
3407 59.00
3408 54.33
3409 22.00
3410 110.00
3411 32.75
3412 79.60
3413 91.00
3414 44.00
3415 30.00
3416 41.43
3417 81.00
3418 156.75
3419 96.67
3420 21.50
3421 92.00
3422 42.00
3423 85.60
3424 84.67
3425 24.00
3426 40.45
3427 55.00
3428 29.67
3429 133.25
3430 81.50
3431 68.00
3432 75.83
3433 93.75
3434 14.00
3435 30.00
3436 41.50
3437 48.00
3438 82.00
3439 19.00
3440 84.75
3441 22.67
3442 59.00
3443 88.17
3444 108.75
3445 50.67
3446 51.40
3447 111.75
3448 66.43
3449 90.00
3450 27.57
3451 35.00
3452 48.75
3453 96.60
3454 43.00
3455 21.40
3456 57.50
3457 102.67
3458 18.17
3459 54.67
3460 29.00
3461 100.00
3462 30.00
3463 134.00
3464 118.50
3465 76.67
3466 53.80
3467 52.60
3468 17.00
3469 63.25
3470 46.86
3471 26.50
3472 1.00
3473 44.00
3475 156.33
3476 63.67
3477 74.33
3478 22.50
3479 44.00
3480 26.00
3481 170.00
3482 62.33
3483 76.60
3484 83.50
3485 147.50
3486 106.00
3487 62.00
3488 100.40
3489 49.33
3490 38.00
3491 54.00
3492 22.25
3493 23.25
3494 59.00
3495 47.00
3496 80.20
3497 50.50
3498 29.00
3499 39.86
3500 57.00
3501 41.00
3502 134.50
3503 30.71
3504 104.80
3505 68.00
3506 40.25
3507 26.29
3508 155.75
3509 54.00
3510 115.00
3511 40.00
3512 34.50
3513 41.57
3514 74.00
3515 62.67
3516 68.75
3517 67.00
3518 49.80
3519 19.00
3520 153.50
3521 46.60
3522 32.67
3523 36.33
3524 135.25
3525 47.00
3526 43.25
3527 44.33
3528 48.25
3529 92.60
3530 78.60
3531 37.33
3532 29.00
3533 49.67
3534 73.00
3536 104.00
3537 126.50
3538 29.14
3539 91.00
3540 62.60
3541 44.75
3542 122.00
3543 34.25
3544 57.50
3545 160.75
3546 98.00
3547 51.00
3548 76.50
3550 61.50
3551 38.75
3552 62.00
3554 61.83
3555 74.67
3556 93.67
3557 130.00
3558 72.00
3559 36.50
3560 75.50
3561 49.00
3562 82.33
3563 50.40
3564 36.00
3565 40.00
3566 168.50
3567 66.00
3568 30.00
3569 103.00
3570 33.20
3571 177.25
3572 81.62
3573 160.20
3574 17.00
3575 62.40
3576 9.00
3577 56.50
3578 88.29
3579 45.00
3580 83.00
3581 63.40
3582 0.00
3583 71.00
3584 69.67
3586 9.33
3587 55.00
3588 17.00
3589 51.75
3590 7.00
3591 91.00
3592 16.50
3593 93.67
3594 71.00
3595 74.75
3596 34.00
3597 47.50
3598 25.00
3599 15.80
3600 35.40
3601 40.00
3602 37.25
3603 92.67
3604 51.80
3605 30.33
3606 45.75
3607 37.50
3608 12.25
3609 96.67
3610 71.50
3611 108.50
3612 123.50
3613 69.33
3614 36.33
3615 47.40
3616 41.50
3617 38.60
3618 34.00
3619 86.67
3620 26.00
3621 15.00
3622 47.67
3624 25.75
3625 18.00
3626 29.00
3627 145.50
3628 48.60
3629 59.33
3630 170.33
3631 86.50
3632 75.14
3633 17.00
3634 82.50
3635 92.00
3636 38.20
3637 25.33
3638 140.00
3639 34.20
3640 91.00
3641 10.33
3642 49.75
3643 15.50
3644 58.00
3645 59.50
3646 56.50
3647 87.50
3648 17.33
3649 72.40
3650 77.25
3651 69.33
3652 34.75
3653 70.40
3654 27.00
3655 112.60
3656 13.50
3657 62.67
3658 57.00
3659 20.67
3660 52.80
3661 18.00
3662 34.50
3663 89.25
3664 79.50
3665 23.67
3666 51.00
3667 64.00
3668 79.17
3669 38.50
3670 77.25
3672 62.00
3673 34.25
3674 52.20
3675 115.75
3676 62.25
3677 49.50
3678 66.00
3679 38.00
3680 43.00
3681 104.20
3682 35.75
3683 36.00
3684 69.00
3685 82.57
3686 44.00
3687 63.50
3688 63.50
3689 10.00
3690 182.50
3691 23.75
3692 64.25
3693 10.00
3694 47.50
3695 14.00
3696 76.67
3697 64.00
3698 59.50
3699 57.00
3700 64.00
3701 100.62
3702 12.50
3703 24.80
3704 37.00
3705 78.75
3706 15.50
3707 57.50
3708 80.25
3709 154.50
3710 54.43
3711 37.50
3712 136.50
3713 53.00
3714 54.17
3715 80.00
3716 17.50
3717 109.25
3718 34.67
3719 75.67
3720 108.67
3721 93.00
3722 60.40
3723 43.17
3724 37.50
3725 65.33
3726 41.50
3727 95.00
3728 49.75
3729 36.33
3730 76.43
3731 23.50
3732 89.40
3733 71.00
3734 36.00
3735 69.00
3736 129.75
3737 41.00
3738 77.00
3739 35.50
3740 85.60
3741 65.80
3742 96.00
3743 62.67
3744 57.33
3745 48.00
3746 43.50
3747 144.50
3748 43.60
3749 6.00
3750 29.00
3751 67.75
3752 86.33
3754 69.00
3755 68.78
3756 48.25
3757 73.50
3758 39.80
3759 66.57
3760 56.00
3761 55.25
3762 21.80
3763 148.25
3764 73.00
3765 84.70
3766 43.50
3767 30.60
3768 55.50
3769 57.75
3770 42.25
3771 18.00
3772 58.00
3773 20.86
3774 36.17
3775 64.83
3776 45.00
3777 53.80
3778 62.00
3779 36.80
3780 25.50
3781 49.50
3782 60.00
3783 102.25
3784 65.00
3785 38.08
3786 40.00
3787 34.17
3788 24.00
3789 69.00
3790 42.25
3791 92.00
3792 75.25
3793 60.20
3794 72.29
3795 51.00
3796 10.00
3797 59.50
3798 21.33
3799 29.17
3800 19.50
3801 100.33
3802 36.75
3803 57.25
3804 1.00
3805 117.67
3806 26.33
3807 163.00
3808 97.50
3809 36.00
3810 52.12
3811 81.00
3812 115.00
3813 56.00
3814 53.33
3815 53.25
3816 56.00
3817 49.83
3818 33.00
3819 125.40
3820 40.33
3821 33.80
3822 95.67
3823 79.00
3824 48.38
3825 77.60
3826 146.00
3827 49.00
3828 27.75
3829 91.00
3830 70.25
3831 70.25
3832 79.75
3833 93.33
3834 10.50
3835 71.00
3836 53.62
3837 35.50
3838 17.33
3839 65.67
3840 104.80
3841 36.67
3842 47.25
3843 52.00
3844 94.00
3845 148.00
3846 58.00
3847 45.25
3848 62.75
3849 89.50
3850 48.40
3851 86.75
3852 69.67
3853 41.00
3854 77.00
3855 39.40
3856 43.50
3857 78.25
3858 48.67
3859 33.00
3860 121.00
3861 55.00
3862 57.00
3864 57.50
3865 23.00
3866 14.67
3868 124.75
3869 42.00
3870 45.50
3871 35.00
3872 71.00
3873 270.00
3874 59.29
3875 28.75
3876 43.67
3877 46.50
3878 53.00
3879 85.80
3880 95.50
3881 65.00
3882 53.67
3883 53.00
3884 54.25
3886 71.50
3887 20.00
3888 50.50
3889 88.40
3890 22.00
3891 90.50
3892 60.75
3893 71.67
3894 65.00
3895 110.20
3896 125.60
3897 48.67
3898 19.00
3899 58.78
3900 109.50
3901 100.20
3902 35.00
3903 91.25
3904 84.00
3905 36.00
3906 71.83
3907 56.00
3908 23.67
3909 95.00
3910 111.50
3911 48.00
3912 19.00
3913 44.00
3914 51.25
3915 13.67
3916 64.50
3918 0.00
3919 39.62
3920 76.25
3921 75.40
3922 40.00
3923 110.25
3924 69.60
3925 106.50
3926 44.67
3927 112.75
3928 48.33
3929 41.00
3930 25.25
3932 39.00
3933 80.00
3934 40.67
3935 77.17
3936 82.83
3937 45.00
3938 57.86
3939 65.86
3940 35.00
3941 126.25
3942 96.25
3943 89.00
3945 19.67
3946 33.25
3947 165.00
3948 31.67
3949 94.67
3950 50.50
3951 73.20
3952 109.60
3953 33.67
3954 36.25
3955 26.50
3956 191.50
3957 42.33
3958 47.25
3959 49.25
3960 82.50
3961 51.17
3962 82.25
3963 59.17
3964 150.20
3965 25.25
3966 64.67
3967 31.50
3968 38.00
3969 112.00
3970 41.29
3971 76.50
3972 108.33
3973 57.50
3974 97.38
3975 69.80
3977 4.00
3978 39.00
3979 80.57
3980 66.00
3981 24.00
3982 50.14
3983 30.33
3984 78.00
3985 50.50
3986 61.50
3987 59.29
3988 63.50
3989 104.25
3990 52.33
3992 56.60
3994 29.50
3995 97.75
3996 96.00
3997 17.00
3998 56.67
3999 35.20
4000 65.25
4001 40.12
4002 27.17
4003 41.33
4004 45.00
4005 26.50
4006 24.50
4007 27.00
4008 47.20
4009 49.80
4010 63.80
4011 51.25
4012 29.00
4013 56.17
4014 25.80
4015 100.75
4016 30.00
4017 73.50
4018 83.33
4019 68.25
4020 8.00
4021 56.67
4022 64.33
4023 110.50
4024 36.00
4025 28.75
4026 16.00
4027 20.00
4028 170.00
4029 72.00
4030 58.00
4031 60.25
4032 70.00
4033 110.57
4034 14.33
4035 12.75
4036 47.25
4037 62.60
4038 29.75
4039 28.50
4040 89.29
4041 27.75
4042 73.00
4043 81.67
4044 86.50
4045 27.50
4046 87.25
4047 40.67
4048 126.33
4049 3.50
4050 63.50
4051 90.33
4052 39.43
4053 42.00
4054 172.50
4056 92.40
4057 93.00
4058 54.50
4059 33.71
4060 79.78
4061 78.60
4062 30.00
4063 45.00
4064 42.20
4065 59.33
4066 48.33
4067 250.00
4068 49.50
4070 52.43
4071 40.33
4072 29.00
4073 48.25
4074 111.33
4075 27.60
4076 111.50
4077 25.00
4078 25.33
4079 44.00
4080 16.00
4081 105.00
4082 43.00
4083 20.00
4084 41.80
4085 31.33
4086 14.00
4087 79.86
4088 116.00
4089 33.33
4090 25.33
4091 31.75
4092 19.33
4093 31.75
4094 77.00
4095 65.50
4096 44.86
4097 48.00
4098 46.20
4099 108.60
4100 20.60
4101 96.38
4102 39.40
4103 50.00
4104 33.00
4105 74.20
4106 19.67
4107 105.67
4108 21.00
4110 69.57
4111 72.00
4112 51.14
4113 50.67
4114 104.44
4115 65.60
4116 102.12
4117 1.00
4118 89.20
4119 56.78
4120 41.33
4121 44.00
4122 28.25
4123 78.00
4124 64.67
4125 129.40
4126 79.67
4127 53.75
4128 60.83
4129 45.75
4130 94.25
4131 73.50
4132 132.60
4133 95.88
4134 11.00
4135 9.50
4136 124.67
4137 97.50
4138 47.83
4139 23.83
4140 26.33
4141 63.00
4142 66.40
4143 52.00
4144 57.00
4145 73.25
4146 51.75
4147 75.50
4149 19.33
4150 53.40
4151 51.20
4152 43.14
4153 10.00
4154 85.50
4155 70.00
4156 59.25
4157 41.29
4158 31.40
4159 79.33
4160 41.60
4161 92.00
4162 78.80
4163 91.75
4164 58.75
4165 63.83
4166 35.75
4167 34.00
4168 56.25
4169 41.67
4170 30.00
4171 47.00
4172 91.40
4173 31.50
4174 126.50
4175 117.00
4176 44.67
4177 66.20
4178 63.00
4179 62.71
4180 90.00
4181 52.50
4182 52.40
4183 35.00
4184 59.67
4185 80.25
4186 11.00
4187 37.00
4188 75.50
4189 71.67
4190 78.33
4191 95.83
4192 30.50
4193 21.00
4194 68.00
4195 50.33
4196 119.33
4197 43.33
4198 70.20
4199 109.75
4200 0.00
4201 68.20
4202 100.80
4203 25.50
4204 43.80
4205 76.00
4206 71.00
4207 25.25
4208 25.33
4209 48.83
4210 33.67
4211 57.80
4212 214.00
4213 19.25
4214 95.75
4215 42.00
4216 135.00
4217 47.00
4218 50.20
4220 16.50
4221 313.00
4222 53.00
4223 73.71
4224 129.67
4225 59.40
4226 40.00
4227 12.00
4228 64.71
4229 68.67
4230 97.25
4231 31.00
4232 79.67
4233 58.25
4234 35.75
4235 28.75
4236 29.50
4237 36.67
4238 58.00
4239 52.50
4240 81.50
4241 81.86
4242 54.00
4243 23.33
4244 33.25
4245 86.50
4246 22.00
4247 86.25
4249 58.38
4250 52.75
4251 149.00
4252 44.00
4253 13.50
4254 122.00
4255 32.00
4256 95.33
4257 33.00
4258 76.50
4259 55.67
4260 98.80
4261 39.75
4262 93.00
4263 36.80
4264 49.50
4265 55.00
4266 44.50
4267 66.40
4268 46.25
4269 44.67
4270 19.75
4271 71.40
4272 137.00
4273 143.00
4274 106.00
4275 144.50
4276 127.50
4277 88.75
4278 57.50
4279 54.67
4281 107.60
4282 62.75
4283 67.29
4284 57.00
4285 51.67
4286 17.57
4287 40.75
4288 86.50
4289 73.00
4290 45.17
4291 53.40
4292 26.67
4293 42.00
4294 86.60
4295 35.50
4296 23.00
4297 62.75
4298 46.50
4299 74.50
4300 160.33
4302 28.20
4303 179.00
4304 83.75
4305 140.17
4306 57.67
4307 36.00
4308 34.75
4310 45.67
4311 70.00
4312 52.00
4313 41.00
4314 57.50
4315 108.00
4316 35.75
4317 37.50
4318 50.50
4319 107.00
4320 68.50
4321 63.80
4322 30.17
4323 46.00
4324 99.40
4325 98.60
4326 71.50
4327 73.67
4328 125.00
4329 20.20
4330 31.00
4331 65.00
4332 36.00
4333 30.25
4334 62.50
4335 40.57
4336 44.67
4337 38.57
4338 15.50
4339 80.00
4340 51.00
4341 54.00
4342 86.00
4343 92.67
4344 22.33
4345 124.33
4346 36.33
4347 92.50
4348 57.00
4349 134.00
4350 55.60
4351 100.25
4352 70.20
4353 53.67
4354 15.50
4355 99.00
4356 99.00
4357 45.67
4358 69.50
4359 55.33
4360 24.67
4361 52.67
4362 37.14
4363 88.00
4364 117.75
4365 88.00
4366 48.50
4367 54.00
4368 97.00
4369 50.00
4370 102.17
4371 74.50
4372 66.60
4373 78.33
4374 35.50
4375 105.00
4376 129.50
4377 59.80
4378 27.50
4379 16.75
4380 15.00
4381 76.75
4382 56.00
4383 46.00
4384 40.00
4385 45.40
4386 7.00
4387 79.00
4388 39.20
4389 33.80
4390 157.00
4391 94.88
4392 143.50
4393 70.00
4394 109.33
4395 27.00
4396 31.60
4397 26.60
4398 45.00
4399 43.40
4400 31.33
4401 49.83
4402 53.33
4403 33.67
4404 51.50
4405 23.67
4406 19.00
4407 193.50
4408 63.29
4409 111.50
4410 56.67
4411 56.20
4412 77.00
4413 102.50
4414 17.00
4415 45.75
4416 82.50
4417 143.67
4418 70.50
4419 125.33
4421 62.60
4422 16.50
4423 106.33
4424 46.40
4425 24.67
4427 75.83
4428 36.00
4429 23.00
4430 98.00
4431 12.00
4432 31.00
4433 22.60
4434 114.60
4435 25.75
4436 54.50
4437 9.00
4438 65.00
4439 11.80
4440 81.40
4441 78.00
4442 54.25
4444 26.00
4445 199.00
4446 77.40
4448 120.33
4449 32.00
4450 127.50
4451 76.67
4452 51.00
4453 82.00
4454 62.00
4455 53.50
4456 36.00
4457 31.33
4458 34.33
4459 56.25
4460 34.25
4461 99.50
4462 37.50
4463 70.33
4464 149.50
4465 103.00
4466 27.25
4467 61.00
4468 70.75
4469 25.20
4470 44.50
4471 74.00
4473 106.50
4474 50.60
4475 63.25
4476 12.00
4477 48.25
4478 68.00
4479 22.00
4480 59.67
4481 25.17
4482 26.00
4483 22.75
4484 121.00
4485 65.00
4486 70.60
4487 81.60
4488 78.20
4489 1.00
4490 102.17
4491 53.33
4492 54.00
4493 55.25
4494 40.20
4495 98.20
4496 70.25
4497 64.57
4498 49.00
4499 50.60
4500 52.50
4501 32.00
4502 33.60
4503 70.00
4504 17.50
4505 65.75
4506 27.00
4507 31.75
4508 57.00
4509 81.67
4510 66.00
4511 1.00
4512 45.00
4513 27.80
4514 29.00
4515 149.00
4516 281.00
4517 13.75
4518 78.60
4519 104.50
4520 91.00
4521 10.00
4522 72.00
4523 41.00
4524 59.80
4525 25.50
4526 29.00
4527 69.00
4528 61.00
4529 167.00
4530 147.80
4531 60.75
4532 83.12
4533 72.14
4534 38.67
4535 7.00
4536 44.67
4537 37.50
4538 36.00
4539 57.33
4540 72.75
4541 96.00
4542 68.10
4543 25.00
4544 56.00
4545 29.00
4546 39.67
4547 42.80
4548 77.50
4549 70.00
4550 133.67
4551 111.60
4552 61.00
4553 27.00
4554 85.20
4555 49.17
4556 98.50
4557 138.00
4558 64.00
4559 80.29
4560 73.67
4561 42.50
4562 56.60
4563 111.50
4564 39.50
4566 53.00
4567 122.50
4568 33.00
4569 71.80
4570 54.00
4571 74.43
4572 32.67
4573 16.60
4574 35.00
4575 80.25
4576 44.88
4577 75.60
4578 128.00
4579 71.00
4580 34.50
4581 92.75
4582 47.00
4583 113.00
4584 241.50
4585 47.33
4586 87.43
4587 76.50
4588 6.00
4590 21.00
4591 80.33
4592 21.00
4593 24.00
4594 51.00
4595 27.00
4596 8.00
4597 51.20
4598 63.25
4599 61.80
4600 82.60
4601 28.50
4602 65.17
4603 73.00
4604 58.67
4605 141.00
4607 41.60
4608 29.33
4609 167.00
4610 109.00
4611 140.50
4612 62.20
4613 23.33
4614 24.00
4615 46.10
4616 121.25
4617 23.00
4618 60.00
4619 36.00
4620 52.00
4621 28.00
4622 128.00
4623 95.30
4624 35.43
4625 35.00
4626 31.00
4627 28.75
4628 70.60
4629 60.00
4630 85.20
4631 36.50
4632 48.50
4633 66.86
4634 84.00
4635 53.00
4636 45.00
4637 38.33
4638 56.00
4639 46.00
4640 29.33
4641 87.75
4642 43.50
4643 127.20
4644 85.80
4645 69.67
4646 54.33
4647 57.60
4648 69.00
4649 21.50
4650 33.80
4651 98.50
4652 50.67
4653 68.50
4654 77.00
4655 29.25
4656 38.00
4657 18.67
4658 8.50
4659 41.67
4660 34.75
4661 28.50
4662 53.67
4663 113.00
4664 62.25
4665 128.60
4666 80.50
4667 56.50
4668 266.00
4669 75.33
4670 51.00
4671 75.75
4672 100.80
4673 27.20
4674 64.20
4675 124.50
4676 37.50
4677 32.67
4678 74.71
4679 45.67
4680 25.00
4681 48.20
4682 52.67
4683 28.80
4684 15.25
4685 101.50
4686 70.67
4687 25.00
4688 35.00
4689 73.00
4690 4.00
4691 93.33
4692 59.67
4693 43.67
4694 40.20
4695 71.86
4696 107.00
4697 65.33
4698 53.00
4699 1.50
4700 81.00
4701 62.60
4702 50.83
4703 73.00
4704 17.67
4705 74.50
4706 93.60
4707 76.67
4708 24.00
4709 114.00
4710 33.33
4711 38.00
4712 20.75
4713 84.40
4714 91.75
4715 115.00
4716 60.00
4717 19.00
4718 2.00
4719 50.25
4720 71.00
4721 154.60
4722 110.29
4723 47.75
4724 43.25
4725 60.00
4726 76.33
4727 42.17
4728 55.80
4729 95.00
4730 63.25
4731 77.00
4732 4.50
4733 41.17
4734 33.60
4735 98.80
4736 37.50
4737 88.75
4738 32.67
4739 130.83
4740 73.75
4741 18.67
4742 28.67
4743 52.33
4744 76.50
4745 18.50
4746 90.88
4747 87.22
4748 58.50
4749 79.60
4750 30.00
4751 51.00
4752 37.33
4753 139.50
4754 98.75
4755 153.67
4756 7.00
4757 12.00
4758 29.57
4759 37.33
4760 55.38
4761 133.00
4762 85.33
4764 67.33
4765 57.75
4766 37.00
4767 40.00
4768 99.33
4769 92.43
4770 39.00
4771 54.50
4772 51.50
4773 37.83
4774 52.50
4775 116.80
4776 59.00
4777 13.57
4778 82.50
4779 6.00
4780 56.00
4781 62.33
4782 62.50
4783 81.80
4784 61.25
4786 49.00
4787 224.50
4788 19.50
4789 32.33
4790 31.33
4791 91.20
4792 71.20
4793 17.00
4794 25.00
4795 202.00
4796 53.75
4797 36.50
4798 11.50
4799 24.00
4800 63.40
4801 52.33
4802 206.00
4803 23.00
4804 160.25
4805 84.20
4806 55.00
4807 35.29
4808 103.80
4809 64.00
4810 57.33
4811 49.80
4812 72.00
4813 59.50
4814 66.00
4815 31.25
4816 19.00
4817 9.67
4818 84.20
4819 89.33
4820 100.33
4822 28.75
4823 59.60
4824 25.33
4825 12.00
4826 74.00
4827 83.12
4828 71.20
4829 115.33
4830 31.17
4831 82.33
4832 35.67
4833 14.75
4834 41.00
4835 75.00
4836 17.38
4837 43.75
4838 87.40
4839 30.67
4840 63.00
4841 27.00
4842 55.67
4843 22.00
4844 73.75
4845 58.67
4846 51.00
4847 37.75
4849 35.00
4850 62.60
4851 39.50
4852 92.25
4853 44.33
4854 56.67
4855 66.00
4856 96.00
4857 63.57
4858 74.33
4859 81.25
4860 52.00
4861 98.00
4862 33.50
4863 70.50
4864 106.00
4865 85.00
4866 32.20
4867 54.50
4868 64.29
4869 57.50
4870 45.00
4871 49.00
4872 40.50
4873 50.33
4874 27.00
4875 49.00
4876 67.00
4877 41.00
4878 46.78
4879 39.33
4880 31.88
4881 111.00
4882 47.00
4883 37.33
4884 46.00
4885 72.33
4886 22.33
4887 65.50
4888 77.80
4889 40.67
4890 6.50
4891 72.75
4892 62.00
4893 16.50
4894 35.43
4895 61.50
4896 142.33
4897 48.67
4898 36.00
4899 63.50
4900 116.22
4901 65.33
4902 122.20
4903 82.00
4904 44.00
4905 55.00
4906 53.20
4907 76.17
4908 22.67
4909 61.60
4910 75.75
4911 63.33
4912 50.00
4913 45.00
4914 48.38
4915 35.00
4917 22.00
4918 47.67
4919 142.00
4920 73.50
4921 62.83
4922 51.00
4923 90.75
4924 88.00
4925 8.25
4926 98.00
4927 19.50
4928 98.57
4929 91.14
4930 51.00
4931 86.29
4932 99.00
4933 14.50
4934 63.40
4935 62.25
4936 73.33
4937 169.00
4938 37.33
4939 106.43
4940 72.30
4941 103.33
4942 69.40
4943 118.33
4944 21.00
4945 23.67
4946 70.60
4947 29.50
4948 18.00
4949 53.00
4950 45.50
4951 76.75
4952 51.00
4953 159.00
4954 42.17
4955 123.75
4956 104.50
4957 51.00
4958 91.33
4959 98.00
4960 79.33
4961 46.00
4962 91.33
4963 50.67
4964 88.00
4965 47.40
4966 72.67
4967 121.67
4968 40.80
4969 51.00
4970 56.67
4971 46.20
4972 29.50
4973 30.40
4974 31.00
4975 56.83
4976 24.33
4977 122.00
4978 78.50
4979 54.25
4980 66.33
4982 88.29
4983 75.50
4984 22.25
4985 21.33
4986 64.00
4987 61.50
4988 91.80
4990 73.00
4991 54.40
4992 50.67
4993 52.00
4994 41.00
4995 153.50
4996 96.75
4997 54.29
4998 39.00
4999 29.50
5000 82.20
5001 70.00
5002 95.83
5003 54.50
5004 121.83
5005 51.83
5006 50.67
5007 67.50
5008 45.33
5009 55.67
5010 43.00
5011 69.83
5012 41.00
5013 73.00
5014 301.00
5015 14.75
5016 69.00
5017 48.20
5018 58.50
5019 49.57
5020 102.00
5021 49.71
5022 85.60
5023 67.40
5024 36.75
5025 93.67
5026 38.67
5027 27.67
5028 5.50
5029 15.50
5030 51.75
5031 8.83
5032 17.00
5033 98.00
5034 58.33
5035 91.00
5036 26.00
5037 45.25
5038 52.40
5039 90.17
5040 124.40
5041 56.00
5042 94.00
5043 51.00
5044 44.00
5045 26.50
5046 30.80
5047 23.50
5048 42.50
5049 40.00
5050 105.75
5051 56.00
5052 22.75
5053 78.50
5054 46.00
5055 32.40
5056 35.50
5057 73.00
5058 76.60
5059 102.00
5060 46.50
5061 36.75
5062 37.43
5063 152.00
5064 55.83
5065 85.00
5066 85.00
5067 109.75
5068 16.25
5069 5.00
5070 107.20
5071 67.12
5073 102.83
5074 47.00
5075 119.60
5076 32.83
5077 11.00
5078 61.40
5079 36.00
5080 33.00
5081 68.67
5082 82.50
5083 46.00
5084 59.50
5085 126.00
5086 10.00
5087 67.00
5088 93.50
5089 27.25
5090 45.43
5091 14.25
5092 68.29
5093 67.67
5094 32.33
5095 21.00
5096 51.67
5097 67.00
5098 78.75
5099 42.00
5100 65.50
5101 19.33
5102 19.50
5103 27.00
5104 25.00
5105 168.29
5106 42.00
5107 275.00
5108 65.50
5109 61.50
5110 56.33
5111 48.75
5112 35.00
5113 53.50
5114 60.50
5115 38.50
5116 68.60
5117 79.86
5118 113.50
5119 80.00
5120 14.67
5121 59.00
5122 40.00
5123 103.00
5124 64.67
5125 90.71
5126 67.50
5127 73.50
5128 5.00
5129 15.00
5130 35.00
5131 49.00
5132 47.67
5133 79.00
5134 58.33
5135 112.67
5136 61.83
5137 55.67
5138 45.00
5139 70.75
5140 105.83
5141 47.25
5142 26.00
5143 73.40
5144 66.00
5145 11.50
5146 77.00
5147 159.00
5148 162.33
5149 43.50
5150 12.75
5152 68.20
5153 115.67
5154 89.25
5155 59.00
5156 31.00
5157 10.00
5158 46.00
5159 44.00
5160 29.67
5161 18.20
5162 36.00
5163 25.40
5164 10.20
5165 54.00
5166 31.00
5167 76.67
5168 31.33
5169 100.25
5170 14.50
5171 154.40
5172 90.60
5173 104.25
5174 82.50
5176 24.00
5178 48.80
5179 32.75
5180 63.36
5181 72.40
5182 33.00
5183 83.33
5184 71.33
5185 52.25
5186 42.33
