0 6.29
1 43.34
2 45.28
3 42.18
4 47.85
5 44.61
6 47.75
7 47.77
8 44.47
9 45.03
10 47.50
11 45.71
12 44.24
13 45.07
14 47.35
15 47.23
16 46.81
17 44.74
18 44.59
19 46.46
20 42.20
21 42.91
22 47.85
23 48.23
24 51.05
25 43.18
26 45.48
27 42.25
28 48.72
29 43.10
30 44.20
31 43.71
32 45.32
33 45.52
34 47.86
35 45.40
36 44.03
37 46.57
38 43.44
39 45.28
40 46.32
41 41.15
42 43.16
43 46.11
44 47.45
45 41.03
46 45.40
47 42.13
48 48.77
49 46.48
50 45.42
51 43.30
52 44.82
53 46.81
54 43.49
55 46.32
56 44.86
57 41.33
58 43.99
59 44.11
60 46.16
61 42.22
62 46.60
63 42.45
64 45.62
65 42.29
66 45.51
67 45.55
68 43.11
69 47.92
70 45.13
71 44.57
72 43.95
73 45.66
74 44.93
75 46.27
76 43.38
77 43.79
78 47.09
79 41.98
80 45.50
81 43.77
82 44.80
83 42.53
84 45.88
85 41.21
86 45.29
87 45.90
88 44.58
89 46.23
90 46.90
