0 9.47
1 114.99
2 141.69
3 124.29
4 143.25
5 129.18
6 120.27
7 141.92
8 132.29
9 134.95
10 148.33
11 130.75
12 132.49
13 147.47
14 141.42
15 140.99
16 142.90
17 120.27
18 154.76
19 145.82
20 151.47
21 136.29
22 151.12
23 132.74
24 121.22
25 150.41
26 132.74
27 134.57
28 128.25
29 143.59
30 132.81
31 129.72
32 129.42
33 150.53
34 137.11
35 148.70
36 134.06
37 144.49
38 139.95
39 146.91
40 133.72
41 145.63
42 146.04
43 127.27
44 140.66
45 140.70
46 135.51
47 129.27
48 138.76
49 125.56
50 127.01
51 142.71
52 119.46
53 131.96
54 143.72
55 141.42
56 119.78
57 134.98
58 122.74
59 134.09
60 141.46
61 146.43
62 136.50
63 120.41
64 132.84
65 140.19
66 137.43
67 144.81
68 124.38
69 144.03
70 133.86
71 175.67
72 132.90
73 123.09
74 129.40
75 142.85
76 137.05
77 129.49
78 133.01
79 140.53
80 123.68
81 147.16
82 133.76
83 132.08
84 126.42
85 136.17
86 119.75
87 129.60
88 130.12
89 143.61
90 128.71
91 137.35
92 116.65
93 148.93
94 123.43
95 124.49
96 148.86
97 136.21
98 152.41
99 159.42
100 129.83
101 137.88
102 148.79
103 146.80
104 121.88
105 133.01
106 150.80
107 129.98
108 133.71
109 148.51
110 139.34
111 131.34
112 139.25
113 128.01
114 129.48
115 134.21
116 141.92
117 133.37
118 142.74
119 133.06
120 135.16
121 141.40
122 143.52
123 135.89
124 141.35
125 130.32
126 156.08
127 121.57
128 123.84
129 137.65
130 142.53
131 138.95
132 139.30
133 160.90
134 147.33
135 138.30
136 147.84
137 136.56
138 130.09
139 127.24
140 124.01
141 141.83
142 141.28
143 131.23
144 143.10
145 137.25
146 122.44
147 132.07
148 142.43
149 130.67
150 129.45
151 139.38
152 134.31
153 144.76
154 138.43
155 128.03
156 139.92
157 139.42
158 137.46
159 138.99
160 139.49
161 133.96
162 140.95
163 133.01
164 128.09
165 138.33
166 134.06
167 137.65
168 126.22
169 131.83
170 127.03
171 138.09
172 133.40
173 138.65
174 131.67
175 137.10
176 134.66
177 140.12
178 136.12
179 149.83
180 128.90
181 120.77
182 117.90
183 127.64
184 135.99
185 121.29
186 139.06
187 144.85
188 149.27
189 130.47
190 139.93
191 138.89
192 156.55
193 154.78
194 136.67
195 120.06
196 146.21
197 144.83
198 135.95
199 135.82
200 119.81
201 142.53
202 125.68
203 140.35
204 130.59
205 121.70
206 137.72
207 127.60
208 129.54
209 155.14
210 139.07
211 138.62
212 137.58
213 131.17
214 142.04
215 136.72
216 127.95
217 148.90
218 153.57
219 140.47
220 132.98
221 132.06
222 121.75
223 127.32
224 146.38
225 146.06
226 137.05
227 135.01
228 134.94
229 127.09
230 148.74
231 142.11
232 126.59
233 152.22
234 131.95
235 143.46
236 129.59
237 135.03
238 133.47
239 129.36
240 135.04
241 135.93
242 130.17
243 122.98
244 144.72
245 145.37
246 131.64
247 136.67
248 134.93
249 128.71
250 128.17
251 152.02
252 144.41
253 134.02
254 136.97
255 134.67
256 129.59
257 141.38
258 139.79
259 128.36
260 119.87
261 131.01
262 116.38
263 111.76
264 129.86
265 150.16
266 138.70
267 143.55
268 128.97
269 135.32
270 134.11
271 134.53
272 124.21
