0 112.00
1 24.00
2 112.50
3 50.00
4 35.00
6 19.50
7 82.00
8 264.50
9 115.12
10 7.00
11 83.50
12 145.50
13 30.00
14 33.00
15 85.67
16 10.00
17 71.00
18 106.00
19 88.00
20 51.33
21 50.75
22 76.00
23 52.00
25 53.33
26 18.75
27 80.00
28 19.00
29 234.00
31 126.00
32 157.00
33 24.00
34 173.00
36 37.00
37 132.00
39 44.80
41 50.00
43 107.80
44 108.00
45 61.00
46 175.00
48 46.67
49 125.75
50 138.00
51 251.50
52 22.00
53 147.33
54 52.67
55 53.50
56 103.50
57 80.50
58 2.00
59 31.00
60 138.67
61 37.00
62 122.50
64 11.00
65 113.80
66 21.00
67 77.00
68 145.20
70 65.00
71 59.75
72 48.00
73 32.50
74 162.50
75 26.00
76 141.67
77 112.00
79 43.00
80 190.00
81 147.33
84 3.00
85 61.67
87 103.00
88 90.00
89 73.00
91 55.00
92 43.00
93 65.00
94 77.67
95 31.50
96 54.25
98 289.33
99 55.50
100 90.00
101 95.00
102 14.00
104 350.50
105 81.00
106 9.00
107 31.50
108 33.50
109 57.00
110 32.67
111 52.50
112 132.67
113 154.00
114 269.00
115 6.00
116 114.00
117 25.00
118 19.75
119 25.00
120 34.20
121 11.00
122 96.00
123 79.00
124 172.50
125 88.60
126 46.00
127 143.00
130 105.00
131 81.00
132 59.00
133 120.00
134 12.00
135 180.67
136 138.67
137 73.00
138 148.00
139 90.00
140 175.67
142 113.00
143 46.00
144 11.00
145 98.50
146 30.75
148 252.00
149 71.67
151 72.33
152 48.50
153 265.00
154 45.50
155 171.75
157 76.67
158 144.00
159 56.00
160 201.00
161 184.00
162 84.00
163 107.43
164 68.75
166 89.00
167 68.67
168 53.75
170 37.00
171 0.00
172 19.50
173 155.40
174 4.50
175 43.50
176 61.50
177 52.00
178 181.00
179 134.00
180 85.80
182 49.50
183 182.00
184 94.75
185 82.50
186 62.67
187 104.00
188 92.00
189 88.50
190 226.33
191 56.50
192 61.00
193 227.00
194 140.00
195 67.00
196 69.00
197 36.00
198 96.00
199 47.75
200 2.00
202 31.00
203 2.00
204 168.00
205 306.50
206 91.50
207 134.50
208 135.25
209 115.80
211 138.00
213 162.33
214 71.00
215 33.50
217 76.00
218 12.00
219 83.50
220 19.50
221 3.00
222 116.00
223 7.00
224 29.75
225 203.00
226 73.67
227 72.25
228 116.50
229 29.00
230 260.50
231 75.00
233 38.50
234 40.33
235 62.00
236 102.00
240 35.00
242 200.00
243 46.00
244 10.00
245 21.00
246 19.00
247 123.00
248 255.67
249 134.00
250 26.00
251 139.50
252 67.67
253 86.00
254 85.00
255 37.00
257 55.00
260 79.00
262 150.00
263 10.00
264 41.50
265 207.00
266 150.00
267 49.33
268 83.00
269 93.00
271 23.00
273 36.67
274 24.33
275 78.00
276 53.50
277 82.25
278 14.00
279 53.00
280 179.00
281 212.50
284 7.50
285 29.00
286 71.50
287 104.00
288 28.00
290 21.00
291 451.00
292 47.00
293 117.00
294 77.50
296 67.00
297 102.00
298 119.00
299 79.50
300 50.50
301 106.00
302 45.50
303 233.00
305 8.00
307 63.67
308 78.00
309 133.00
312 46.00
313 76.33
314 174.50
315 61.00
316 158.25
318 76.00
319 215.50
321 20.00
322 43.50
323 76.00
325 39.00
326 26.00
327 15.67
330 103.00
331 59.33
332 55.00
333 125.00
334 12.00
335 30.00
336 209.00
337 70.50
338 149.00
339 61.00
340 1.00
341 68.50
342 30.00
343 91.75
345 51.50
346 127.50
349 75.50
351 104.50
352 62.33
353 75.00
354 46.50
355 192.00
356 47.00
357 39.33
358 3.00
359 22.50
360 149.00
361 112.60
362 167.00
363 1.00
364 133.33
365 96.50
366 100.00
367 149.00
368 101.67
369 112.00
370 58.67
371 96.33
373 88.00
374 22.67
375 92.50
376 171.00
377 30.25
379 142.50
380 52.00
381 229.50
382 149.00
383 60.00
384 169.20
385 70.00
386 94.00
387 12.00
388 79.50
389 79.50
391 190.00
392 4.00
393 100.00
394 223.67
395 25.67
396 21.00
397 62.33
398 86.00
399 51.00
400 66.50
401 85.00
402 162.00
404 221.00
405 146.50
406 121.00
407 88.50
408 69.00
409 84.33
410 57.33
411 104.00
412 91.50
413 83.00
414 48.00
415 94.00
416 144.00
417 47.00
418 10.00
419 24.00
420 91.60
421 70.60
422 136.33
423 139.25
424 57.50
425 41.00
427 235.67
428 114.00
429 63.00
430 56.50
431 98.50
433 74.00
434 145.00
435 69.00
438 17.00
439 200.50
440 154.00
442 88.33
443 53.67
444 89.50
445 93.50
446 142.50
448 75.00
449 154.33
453 56.50
454 56.00
455 76.67
456 87.50
457 54.00
458 127.00
459 99.00
460 120.00
461 101.00
463 95.00
464 61.33
466 128.00
467 26.00
469 53.00
470 99.00
471 28.00
472 11.00
473 4.00
474 31.50
475 88.50
476 102.00
477 80.67
478 98.00
479 87.00
481 11.00
482 61.00
483 83.00
484 54.50
485 58.50
487 248.00
488 9.00
489 116.25
490 173.00
491 143.00
492 166.67
493 28.00
494 57.00
495 40.00
496 10.00
497 81.00
498 124.00
499 112.00
500 4.00
501 110.33
502 105.00
504 234.00
505 25.00
507 143.50
508 59.00
509 91.00
510 68.67
511 17.00
512 35.50
513 205.00
514 23.00
515 9.00
516 44.33
517 81.50
518 93.33
520 3.00
521 84.25
522 96.50
523 51.20
524 72.25
525 62.67
526 103.00
527 120.00
529 205.00
530 81.00
531 124.00
533 144.00
534 94.00
535 66.50
536 17.50
537 89.00
539 75.33
540 109.00
541 61.40
543 204.00
545 90.00
546 49.67
547 109.33
548 115.00
549 134.00
550 8.00
551 31.00
553 66.00
555 58.67
556 72.50
557 101.67
558 32.00
559 62.00
560 9.00
561 95.50
562 28.50
564 88.00
566 42.00
568 111.00
569 275.00
571 11.50
572 33.60
573 278.00
574 90.00
575 50.50
576 93.00
577 43.60
578 196.50
579 16.50
580 12.00
581 81.00
582 22.00
583 33.00
585 92.00
586 44.50
587 70.00
588 92.50
589 49.50
591 80.00
592 56.33
593 74.50
594 43.50
595 242.00
597 26.00
599 0.00
600 140.50
601 105.50
602 80.50
603 49.00
604 55.50
605 65.00
606 19.00
607 7.00
608 45.00
609 33.67
610 33.00
611 196.00
614 120.67
615 85.50
616 214.00
618 141.33
619 4.00
620 57.00
621 84.25
622 110.00
623 7.50
624 271.00
625 90.00
627 86.00
628 59.00
629 29.00
631 50.67
632 50.00
633 31.00
634 15.00
635 80.00
636 87.00
637 115.33
638 107.50
639 91.00
640 121.50
642 80.33
643 92.50
644 110.00
645 166.00
646 77.00
647 132.60
648 122.00
650 51.00
651 172.00
652 51.00
653 53.20
654 108.50
655 156.33
656 57.67
657 0.00
658 168.00
659 35.00
660 6.00
662 60.00
663 60.00
664 179.50
665 69.67
666 84.80
667 103.67
668 9.00
669 134.75
670 119.00
671 84.00
672 171.00
673 86.75
674 127.00
677 25.50
678 25.00
680 37.50
681 96.50
683 65.00
684 16.50
685 72.40
686 98.25
687 143.00
688 69.00
690 115.00
691 311.00
692 126.00
693 153.60
694 50.57
695 122.00
697 153.50
698 38.00
699 268.00
700 145.00
701 9.00
702 86.00
703 26.00
704 92.50
705 89.00
706 34.00
707 20.00
708 65.86
709 128.60
710 29.00
711 153.50
712 33.50
713 84.50
714 43.50
716 55.00
717 59.00
718 130.00
719 145.33
720 99.00
721 188.00
722 62.67
724 31.00
726 70.00
727 53.00
728 19.67
730 61.80
731 48.20
732 38.00
733 232.00
734 114.00
735 68.00
736 158.50
737 55.67
738 89.00
739 31.00
740 75.25
741 29.00
742 121.00
743 3.00
744 70.00
745 44.67
746 106.50
747 57.00
749 105.00
751 71.33
752 97.60
753 139.50
754 80.50
755 70.50
756 95.00
757 42.00
759 75.67
760 118.00
761 90.00
762 313.00
764 70.00
765 110.25
766 221.67
767 90.00
768 44.33
769 119.67
771 125.00
773 16.00
774 66.00
775 84.00
776 51.00
777 9.00
778 292.00
779 160.50
782 33.00
783 49.00
786 30.00
787 15.00
788 41.33
789 100.00
790 16.00
792 109.00
793 252.00
794 65.67
795 68.00
796 120.33
797 59.50
798 27.33
799 73.50
800 87.50
801 223.00
802 36.00
805 23.00
807 52.00
808 47.33
809 41.75
810 48.00
811 278.00
812 24.00
813 6.00
814 72.00
815 40.33
816 58.33
817 161.50
818 132.67
819 47.00
820 34.00
821 61.50
823 32.00
824 52.00
825 124.00
826 32.00
827 21.33
828 166.67
829 77.00
830 86.25
831 128.25
832 228.50
833 76.33
834 23.50
835 97.00
836 95.75
837 141.00
838 46.25
839 227.00
840 82.00
841 42.50
843 184.33
844 136.50
845 32.50
846 45.00
847 133.00
848 136.00
849 45.00
851 34.50
852 6.00
853 64.67
855 64.67
856 106.50
857 90.20
860 64.00
861 35.50
862 72.50
863 50.00
864 14.00
865 32.25
866 54.40
867 15.00
868 20.00
869 38.33
870 100.50
871 219.00
873 45.00
874 13.00
875 275.00
876 103.50
877 237.00
878 43.00
879 77.00
880 88.00
881 23.50
882 34.00
883 119.50
884 4.00
885 160.00
886 28.00
887 109.33
888 35.00
889 70.00
890 23.00
891 109.67
892 45.25
893 43.00
894 139.50
896 163.67
897 99.00
899 53.00
900 130.00
901 272.00
902 82.25
903 51.00
904 30.00
905 29.00
906 34.50
908 63.67
909 34.50
910 4.00
911 137.00
912 10.50
913 19.00
914 53.00
915 45.50
916 1.00
917 8.50
918 115.50
919 86.50
920 14.50
921 186.00
922 15.00
924 73.50
925 19.00
926 29.50
927 58.00
928 24.00
929 37.00
930 169.67
931 6.00
932 12.00
933 110.00
934 95.00
935 39.00
936 29.00
937 26.00
938 29.50
939 39.00
940 174.00
943 100.40
944 103.00
945 130.33
946 57.00
948 36.25
949 77.00
950 133.33
951 58.00
952 36.00
953 41.00
954 7.00
956 9.00
958 23.00
959 54.00
960 152.00
961 131.50
962 60.33
963 91.75
964 63.50
965 95.50
966 168.00
967 14.00
968 45.33
969 84.00
970 162.00
971 151.00
972 17.00
973 50.67
974 69.33
975 86.50
977 243.00
978 13.00
979 115.00
980 160.75
981 71.00
982 50.00
983 78.00
984 118.00
985 119.57
986 1.00
987 51.50
988 6.00
989 89.33
990 0.00
991 9.67
992 27.50
993 100.67
994 179.75
995 154.50
996 38.80
997 40.00
999 88.67
1000 127.00
1001 32.80
1002 9.00
1003 39.67
1004 54.00
1005 73.50
1006 83.00
1007 75.75
1008 120.00
1009 108.00
1010 230.00
1011 137.33
1012 44.50
1013 26.00
1014 41.00
1015 155.50
1016 105.50
1017 125.00
1018 90.00
1019 52.50
1020 2.00
1021 65.50
1022 49.00
1023 62.50
1024 124.00
1025 122.25
1027 162.50
1028 62.00
1030 80.00
1031 153.67
1033 103.00
1034 59.50
1035 50.00
1036 24.00
1038 237.50
1039 59.00
1040 84.00
1042 112.60
1044 59.50
1045 186.00
1046 15.67
1047 25.00
1048 94.00
1049 68.50
1050 451.50
1051 13.00
1052 136.50
1053 117.00
1054 114.50
1056 3.50
1057 65.00
1058 82.00
1059 127.00
1060 57.00
1061 53.67
1062 65.50
1063 125.00
1064 27.50
1065 167.00
1066 108.00
1067 7.50
1068 190.67
1069 21.67
1070 90.00
1071 99.50
1072 11.00
1073 101.50
1074 77.00
1075 24.00
1076 184.00
1077 68.67
1078 44.50
1079 27.50
1080 126.00
1081 180.50
1082 12.00
1083 1.00
1084 262.00
1085 23.00
1086 17.00
1087 72.50
1088 122.25
1089 416.00
1090 166.67
1091 23.40
1092 36.00
1094 44.00
1095 25.00
1098 95.67
1099 50.00
1100 81.60
1101 59.17
1102 118.50
1103 75.33
1104 40.33
1105 24.50
1106 49.00
1107 64.75
1108 52.50
1109 96.00
1110 133.00
1113 103.00
1115 177.50
1116 124.00
1117 171.00
1118 63.50
1119 160.00
1120 72.00
1121 53.00
1122 14.00
1124 34.33
1125 136.00
1126 77.00
1127 191.00
1129 98.50
1131 117.00
1132 91.00
1133 62.75
1134 46.00
1135 51.00
1136 120.00
1137 189.00
1138 105.50
1140 45.00
1141 195.25
1142 70.40
1143 48.50
1144 38.00
1145 127.00
1146 44.00
1147 10.50
1148 54.50
1149 254.00
1150 73.33
1151 112.00
1152 296.00
1153 65.00
1154 52.33
1155 33.00
1156 35.00
1157 105.00
1158 16.50
1159 68.67
1160 17.50
1161 147.50
1162 21.00
1163 32.00
1164 72.00
1165 114.00
1166 45.00
1167 82.25
1168 35.00
1169 20.00
1170 35.33
1171 118.00
1172 147.00
1173 37.33
1174 187.00
1176 15.50
1177 181.00
1178 97.00
1179 164.33
1180 27.00
1182 85.00
1183 32.33
1184 91.50
1185 91.50
1186 113.00
1187 244.50
1188 106.00
1189 29.00
1190 7.00
1192 26.00
1193 47.00
1195 177.00
1198 196.00
1199 173.50
1200 85.29
1201 33.00
1203 120.00
1204 160.75
1205 71.00
1207 29.50
1208 65.80
1209 149.67
1210 25.00
1211 96.00
1212 69.00
1213 107.00
1215 67.50
1216 51.50
1217 55.67
1218 42.00
1219 39.00
1220 113.00
1221 72.00
1223 50.33
1224 3.00
1225 88.50
1226 102.67
1227 27.75
1228 47.00
1229 37.00
1231 43.00
1232 203.00
1233 90.50
1234 73.00
1235 131.67
1236 52.00
1237 58.00
1238 36.25
1239 21.00
1240 2.00
1241 18.00
1242 50.50
1243 124.33
1244 89.50
1245 153.50
1246 61.00
1247 34.00
1248 5.00
1249 54.00
1250 63.50
1251 210.00
1252 90.20
1253 124.00
1254 145.50
1255 54.25
1256 33.50
1257 137.00
1258 43.00
1259 28.00
1260 92.50
1261 39.50
1262 65.00
1263 235.50
1264 89.67
1265 71.67
1266 17.00
1267 78.00
1268 64.00
1269 260.00
1270 31.00
1271 68.00
1272 43.00
1273 45.00
1274 133.00
1275 277.67
1277 30.33
1278 91.75
1279 30.00
1280 14.00
1281 70.67
1282 32.00
1283 121.50
1284 132.50
1285 18.00
1286 2.00
1287 49.50
1288 76.33
1289 4.00
1290 166.00
1291 66.50
1292 52.50
1293 128.00
1294 95.00
1295 68.00
1297 67.00
1298 342.00
1299 92.60
1300 26.50
1301 144.00
1302 40.00
1303 178.00
1305 32.00
1306 147.00
1307 63.00
1308 30.00
1309 100.67
1310 78.25
1311 80.33
1312 17.00
1313 72.50
1314 47.25
1315 6.00
1316 190.00
1317 125.00
1318 86.00
1319 55.00
1320 64.50
1321 2.00
1322 77.25
1323 109.00
1324 48.00
1325 92.00
1326 53.25
1327 59.50
1328 71.67
1329 118.33
1331 56.00
1332 125.80
1334 243.00
1335 118.50
1336 408.00
1338 80.50
1339 158.00
1340 33.00
1341 73.00
1343 72.00
1344 61.50
1345 13.00
1346 112.00
1347 37.00
1348 132.50
1349 4.00
1351 169.00
1352 38.33
1354 115.33
1355 73.50
1356 40.00
1357 12.00
1358 87.00
1359 44.00
1360 90.00
1361 50.33
1362 44.33
1363 60.50
1364 91.00
1365 13.00
1366 78.00
1367 106.20
1368 93.67
1369 16.00
1370 6.50
1371 58.00
1372 101.00
1373 39.00
1374 37.50
1375 45.00
1376 210.00
1377 43.50
1378 107.25
1379 80.67
1380 35.00
1381 20.00
1382 279.33
1383 61.80
1384 67.00
1385 121.67
1386 120.67
1388 32.50
1389 8.00
1390 29.00
1391 10.00
1393 109.33
1394 52.00
1395 34.60
1396 34.67
1397 42.50
1398 184.00
1399 120.00
1400 7.00
1401 27.00
1402 60.00
1403 5.00
1404 97.00
1405 101.00
1406 24.33
1408 62.00
1409 93.00
1410 134.67
1411 165.00
1413 67.00
1414 122.00
1415 102.00
1416 8.00
1417 69.00
1418 163.00
1419 76.00
1420 59.00
1421 91.00
1423 298.00
1424 96.67
1426 36.00
1427 215.50
1428 39.00
1429 224.67
1430 231.00
1431 171.50
1433 232.50
1434 43.00
1435 126.00
1436 54.00
1437 65.00
1438 28.33
1439 39.50
1440 16.50
1441 59.00
1442 38.50
1443 21.00
1444 40.00
1445 77.00
1446 86.50
1447 17.00
1448 275.00
1449 14.50
1450 15.00
1451 52.00
1452 9.00
1453 64.33
1454 137.00
1455 10.00
1457 120.50
1458 101.50
1459 218.00
1460 92.00
1461 82.00
1462 6.00
1463 44.00
1465 44.00
1466 25.33
1467 49.00
1468 102.00
1469 50.33
1470 107.50
1471 65.50
1472 22.00
1473 106.00
1474 51.00
1475 59.25
1476 48.00
1477 24.50
1478 48.67
1479 24.50
1480 200.00
1481 259.50
1482 82.80
1483 210.00
1484 159.00
1485 36.00
1486 28.00
1487 120.00
1488 115.00
1489 115.00
1490 21.00
1491 177.00
1492 200.00
1493 57.75
1494 85.50
1495 82.67
1496 71.00
1497 69.00
1498 101.50
1499 56.50
1500 154.00
1501 76.00
1502 55.50
1503 99.00
1504 77.00
1505 132.00
1506 131.50
1508 36.67
1510 54.00
1511 106.50
1512 60.00
1513 156.33
1514 19.00
1516 45.00
1517 12.00
1518 50.00
1519 42.00
1520 15.00
1521 63.00
1522 65.00
1523 67.00
1524 214.50
1525 34.75
1526 47.00
1527 109.00
1528 141.33
1530 29.50
1532 45.50
1533 68.00
1534 229.00
1535 111.00
1536 34.50
1537 16.80
1538 62.75
1539 45.00
1540 21.00
1541 69.67
1542 1.00
1543 1.00
1544 54.40
1545 11.00
1546 88.00
1547 89.67
1548 82.00
1549 102.60
1550 73.00
1551 10.00
1552 111.00
1553 66.00
1554 206.00
1556 11.50
1557 57.00
1558 123.00
1560 178.75
1561 101.00
1562 49.00
1564 141.00
1566 99.00
1567 46.67
1568 50.00
1569 147.33
1570 50.00
1571 137.67
1573 100.00
1574 63.00
1576 77.00
1577 91.50
1579 41.50
1580 180.00
1581 25.00
1582 201.00
1583 26.67
1584 282.00
1585 160.00
1586 62.25
1587 130.00
1589 80.40
1590 43.50
1591 81.50
1592 24.00
1593 30.00
1594 182.00
1596 292.00
1597 64.25
1598 41.20
1599 3.00
1600 102.50
1601 121.00
1602 65.33
1603 132.00
1604 12.75
1605 46.00
1606 14.00
1607 76.50
1608 63.00
1609 96.67
1610 15.00
1611 39.00
1612 206.00
1613 161.00
1614 119.00
1615 76.50
1616 89.00
1617 42.00
1618 352.00
1619 245.00
1620 81.00
1621 89.00
1622 91.33
1623 83.00
1624 40.67
1625 49.50
1626 111.00
1627 111.17
1628 47.00
1629 140.33
1630 71.50
1631 95.00
1633 33.00
1634 51.50
1635 25.50
1636 126.00
1638 166.00
1639 23.50
1640 5.00
1643 120.80
1644 92.00
1645 62.75
1647 46.50
1648 14.67
1649 126.50
1650 90.75
1651 52.67
1652 74.50
1653 86.67
1654 57.00
1656 16.50
1657 91.67
1658 53.50
1659 110.67
1660 43.67
1661 0.00
1662 62.67
1665 121.50
1668 145.00
1669 168.00
1670 127.33
1671 12.00
1672 115.50
1673 51.00
1675 45.00
1676 46.50
1677 9.00
1679 91.00
1680 34.25
1681 10.00
1682 66.25
1683 38.00
1684 27.00
1685 8.00
1686 44.00
1687 41.25
1689 19.50
1690 76.75
1691 46.25
1692 113.00
1693 46.00
1695 22.67
1697 58.33
1698 120.75
1699 159.50
1704 45.00
1705 56.67
1706 25.50
1709 10.00
1710 38.00
1712 221.50
1713 81.00
1714 55.86
1715 100.00
1716 92.00
1717 136.00
1718 8.50
1719 38.50
1720 78.29
1721 251.00
1723 16.00
1725 81.00
1726 86.00
1727 117.75
1729 66.50
1730 186.00
1731 98.25
1732 33.50
1734 51.20
1735 176.00
1736 10.00
1737 13.00
1738 24.00
1739 152.50
1741 121.67
1742 47.00
1743 54.67
1744 100.00
1745 14.33
1746 28.33
1748 56.25
1749 45.50
1750 80.00
1751 50.75
1753 24.50
1754 68.00
1755 100.50
1756 121.67
1757 4.00
1758 244.50
1759 63.80
1760 32.00
1761 74.50
1763 79.00
1764 32.67
1765 52.00
1766 53.50
1767 17.00
1768 40.00
1769 16.00
1770 131.25
1771 71.00
1772 102.50
1773 61.00
1775 114.00
1776 32.00
1777 74.67
1778 143.33
1779 67.00
1780 17.00
1781 196.00
1782 138.67
1783 59.60
1784 69.00
1786 67.00
1787 38.67
1789 105.00
1790 112.00
1791 39.50
1793 75.40
1794 48.50
1796 157.75
1797 106.50
1798 82.40
1799 46.60
1801 254.00
1802 19.00
1803 17.00
1804 76.00
1805 20.00
1807 125.00
1808 481.00
1809 77.00
1810 96.67
1811 262.00
1812 82.00
1813 134.50
1814 45.33
1815 152.67
1816 32.00
1817 57.00
1818 122.71
1819 171.00
1820 160.50
1821 77.50
1822 197.00
1823 16.00
1824 62.50
1825 263.00
1826 42.00
1827 207.00
1828 44.33
1829 111.00
1830 105.00
1831 223.00
1832 95.00
1833 117.00
1834 14.50
1835 111.75
1836 43.00
1837 43.00
1838 41.00
1839 84.00
1840 21.00
1841 91.67
1842 56.33
1843 26.00
1844 170.50
1845 77.50
1846 107.00
1847 261.00
1848 44.67
1849 37.33
1852 80.67
1853 86.00
1854 187.67
1855 44.33
1856 36.67
1857 35.29
1858 87.67
1859 176.00
1861 41.67
1862 113.50
1863 29.00
1864 31.50
1865 144.00
1866 92.00
1867 196.00
1868 47.00
1869 44.33
1870 78.00
1871 39.50
1874 43.20
1875 336.00
1876 39.67
1877 52.00
1879 81.00
1880 51.00
1881 39.00
1882 90.60
1883 70.40
1884 76.00
1885 51.67
1886 117.75
1887 294.00
1888 123.00
1889 46.00
1890 38.00
1891 53.00
1892 48.00
1893 52.00
1894 47.67
1896 64.00
1897 96.75
1898 49.67
1899 38.00
1900 88.00
1901 87.25
1903 17.50
1905 32.50
1906 11.00
1907 113.00
1908 73.50
1909 54.20
1910 43.00
1913 59.67
1914 41.20
1915 25.00
1916 156.50
1918 20.67
1919 39.00
1920 242.50
1921 141.00
1922 48.67
1923 50.75
1924 71.00
1925 88.00
1926 46.67
1927 25.00
1928 101.00
1929 48.00
1930 15.67
1931 109.00
1932 46.00
1933 131.00
1934 143.50
1935 21.00
1936 25.00
1937 165.50
1938 115.33
1939 12.67
1940 5.00
1942 110.00
1943 158.50
1944 79.60
1945 112.00
1946 57.50
1947 44.00
1948 376.00
1949 111.00
1950 103.60
1952 50.50
1954 0.00
1955 39.00
1956 40.33
1957 76.00
1958 29.67
1959 159.50
1961 126.33
1962 49.00
1964 63.33
1965 83.25
1966 86.67
1967 227.00
1968 56.00
1969 28.00
1970 1.00
1972 18.00
1974 108.50
1975 56.00
1977 8.00
1978 32.00
1979 86.00
1980 85.00
1981 50.00
1982 55.00
1983 35.00
1984 56.83
1985 62.67
1986 58.50
1987 38.40
1988 85.00
1991 61.00
1992 76.00
1993 159.00
1994 33.00
1996 369.00
1997 41.50
1998 102.00
1999 67.25
2000 96.00
2001 13.00
2002 120.00
2003 118.50
2004 113.00
2005 13.50
2006 161.00
2008 55.50
2010 22.00
2011 67.00
2012 105.50
2013 54.67
2014 111.00
2015 68.80
2016 2.00
2017 36.25
2018 105.40
2019 13.50
2020 44.67
2022 79.50
2023 110.00
2024 257.00
2025 21.00
2026 72.00
2028 62.60
2029 49.33
2030 58.33
2032 50.50
2033 69.00
2034 70.00
2035 72.00
2036 16.00
2037 181.67
2038 120.00
2039 12.25
2040 105.67
2041 100.00
2042 122.00
2043 35.33
2044 48.00
2045 94.00
2046 5.00
2047 49.00
2048 98.33
2050 88.00
2051 107.00
2052 32.50
2053 119.00
2054 48.00
2056 48.33
2057 200.00
2058 58.00
2059 141.00
2060 120.00
2061 93.00
2062 236.50
2063 82.00
2064 36.00
2065 132.33
2066 26.00
2067 51.67
2068 97.00
2070 29.50
2071 26.00
2072 103.50
2073 57.00
2075 46.00
2076 8.00
2077 28.00
2078 120.50
2079 199.00
2080 89.33
2081 76.00
2082 78.00
2083 213.00
2084 18.00
2085 12.67
2086 114.50
2087 66.40
2088 166.00
2089 15.67
2090 85.25
2091 100.00
2092 63.50
2093 83.00
2094 41.00
2095 45.00
2096 43.33
2097 36.00
2098 23.00
2099 122.67
2100 42.50
2101 43.00
2103 53.50
2104 13.00
2105 34.00
2106 72.50
2107 37.00
2108 9.00
2109 158.67
2110 80.75
2111 117.33
2112 457.00
2113 134.00
2114 155.00
2115 135.00
2116 52.00
2117 44.20
2118 116.75
2119 29.33
2121 155.00
2122 80.25
2123 27.33
2124 65.50
2125 96.33
2126 24.67
2127 36.50
2129 81.67
2131 67.33
2132 87.00
2133 2.00
2134 26.00
2135 39.00
2136 71.00
2137 73.50
2138 138.00
2139 98.67
2140 96.00
2141 102.00
2142 89.25
2143 145.00
2144 31.80
2145 138.00
2147 30.00
2148 66.00
2149 80.25
2150 32.00
2151 60.33
2152 67.67
2153 120.00
2154 49.00
2155 59.00
2156 63.50
2157 173.00
2158 54.00
2159 54.00
2160 23.80
2161 23.00
2163 72.00
2165 93.00
2166 94.50
2167 68.00
2169 159.00
2170 175.00
2171 156.00
2172 104.00
2173 69.00
2176 41.00
2177 220.00
2178 99.00
2180 80.00
2182 23.00
2184 88.00
2185 66.67
2186 6.00
2187 40.75
2189 104.00
2190 19.00
2191 65.50
2193 45.50
2195 50.50
2196 209.67
2197 65.40
2198 266.00
2199 27.33
2200 60.00
2201 89.25
2202 57.00
2203 54.50
2204 217.20
2205 83.00
2206 33.25
2207 37.33
2208 50.00
2209 184.33
2211 55.00
2212 61.33
2213 53.80
2214 4.00
2215 138.00
2217 159.86
2219 59.00
2220 139.33
2221 40.00
2222 163.00
2224 55.50
2225 42.00
2226 25.00
2228 52.50
2229 127.00
2230 18.50
2231 86.00
2232 137.00
2233 46.00
2234 450.00
2235 83.00
2236 51.50
2237 36.00
2239 47.50
2240 90.50
2241 24.00
2242 139.67
2243 96.00
2244 3.00
2246 54.00
2247 54.25
2248 59.50
2249 98.00
2250 86.50
2251 92.00
2252 34.00
2253 49.33
2254 52.00
2255 98.00
2256 20.50
2257 17.00
2258 153.00
2259 98.67
2260 39.75
2261 65.17
2263 88.67
2264 78.67
2265 99.50
2266 138.50
2268 140.50
2269 59.00
2270 43.25
2272 122.00
2273 157.00
2274 114.00
2275 3.00
2276 75.25
2277 4.00
2279 181.00
2280 33.75
2281 109.50
2282 162.00
2283 22.50
2284 3.00
2285 13.00
2286 131.33
2287 97.00
2288 19.00
2289 119.75
2290 78.75
2291 70.00
2292 69.00
2293 38.00
2294 47.00
2295 16.00
2296 67.00
2297 79.00
2298 30.50
2299 111.00
2300 155.00
2301 58.50
2302 102.25
2303 84.33
2304 28.00
2305 6.00
2306 122.50
2308 109.00
2309 109.00
2310 92.50
2311 102.00
2312 140.50
2313 142.00
2314 29.33
2315 100.50
2316 91.50
2317 113.00
2318 103.33
2319 81.50
2322 51.50
2323 17.00
2324 70.50
2325 48.33
2326 23.00
2327 25.33
2328 66.00
2329 55.50
2330 14.00
2331 43.50
2332 91.50
2333 148.00
2334 115.00
2335 38.50
2336 155.67
2338 62.50
2339 68.00
2340 21.00
2341 20.00
2342 137.00
2343 139.50
2344 40.33
2345 5.00
2346 16.00
2347 72.67
2349 258.00
2351 72.00
2352 201.00
2353 140.50
2355 107.00
2356 80.75
2357 108.00
2358 19.50
2359 289.50
2360 12.00
2361 225.50
2362 62.50
2363 86.50
2364 33.00
2365 278.00
2366 41.71
2367 28.50
2369 3.00
2370 68.33
2371 25.00
2372 78.00
2373 65.50
2374 69.00
2375 79.50
2376 137.00
2377 91.33
2378 54.00
2379 56.00
2380 72.00
2381 11.00
2382 30.00
2383 51.67
2384 30.33
2385 78.00
2386 79.00
2387 73.00
2388 18.50
2389 47.00
2390 19.67
2391 82.80
2392 61.25
2393 243.50
2394 31.00
2395 123.00
2396 140.00
2397 47.00
2398 81.25
2399 162.50
2400 133.00
2401 44.00
2402 78.33
2403 81.00
2404 66.71
2405 174.00
2406 96.25
2408 143.00
2411 60.00
2412 53.50
2413 1.00
2414 77.14
2415 46.00
2418 41.50
2419 101.00
2420 275.00
2421 88.00
2422 70.00
2423 92.67
2424 4.00
2425 50.00
2426 104.50
2427 79.75
2428 48.33
2429 80.00
2430 37.00
2431 179.50
2432 47.33
2434 82.83
2436 64.50
2437 76.00
2439 90.00
2440 161.50
2441 34.00
2442 53.67
2443 47.17
2444 12.50
2445 51.00
2446 86.25
2447 17.00
2448 62.00
2449 29.00
2450 9.00
2451 15.33
2452 17.00
2453 125.25
2454 130.50
2455 22.67
2456 151.00
2457 96.00
2458 37.67
2459 41.50
2460 22.50
2461 196.50
2463 44.67
2464 73.50
2465 68.50
2466 130.00
2467 27.00
2468 17.50
2470 61.00
2471 50.00
2472 44.67
2473 46.00
2474 133.50
2475 31.00
2477 10.50
2478 67.00
2479 112.60
2481 64.00
2482 85.25
2484 61.50
2485 79.50
2486 113.00
2487 117.50
2488 63.00
2489 14.00
2490 139.00
2491 224.00
2492 77.25
2493 38.50
2494 29.50
2495 42.67
2496 116.50
2497 92.00
2499 80.50
2500 157.00
2502 154.00
2503 167.00
2504 62.00
2505 149.00
2506 63.67
2508 71.33
2509 117.40
2510 94.00
2511 21.00
2512 80.40
2514 188.00
2515 60.50
2516 138.00
2517 59.40
2518 123.00
2519 137.33
2521 41.00
2522 119.67
2523 73.50
2524 37.50
2525 42.00
2526 71.29
2527 73.50
2529 53.75
2530 147.67
2531 2.00
2532 30.00
2533 48.50
2534 65.00
2536 23.33
2537 81.67
2538 97.00
2539 72.50
2540 87.20
2541 38.00
2542 41.00
2543 83.20
2544 101.50
2545 32.00
2546 59.00
2547 32.33
2548 14.50
2549 100.00
2550 106.00
2551 110.67
2552 65.00
2553 94.00
2554 75.00
2555 234.50
2556 34.00
2557 35.75
2558 204.33
2559 58.33
2560 64.00
2561 62.00
2562 47.20
2563 131.00
2564 91.75
2565 83.60
2566 229.33
2567 116.00
2569 137.00
2570 31.50
2571 131.00
2572 71.00
2573 60.00
2574 12.00
2576 29.00
2577 79.00
2578 21.67
2579 27.00
2580 57.00
2581 119.33
2582 92.50
2583 117.00
2584 88.00
2585 272.50
2586 91.00
2587 39.00
2589 111.50
2590 46.00
2591 85.00
2592 110.00
2593 291.00
2594 154.33
2595 52.00
2596 122.00
2597 160.40
2598 73.50
2599 81.00
2600 99.00
2601 105.00
2602 33.00
2603 18.00
2604 136.50
2605 22.00
2606 100.00
2607 169.00
2608 74.60
2609 20.00
2610 63.50
2612 5.00
2614 33.33
2615 296.00
2617 3.00
2618 94.33
2619 49.00
2622 202.33
2623 102.50
2624 55.83
2625 30.00
2626 115.00
2627 59.00
2628 86.00
2629 35.00
2630 92.83
2631 124.00
2632 39.00
2633 3.00
2634 24.00
2635 17.00
2636 201.50
2637 161.50
2638 7.00
2639 92.00
2640 82.00
2641 99.00
2642 110.67
2643 79.20
2646 14.00
2647 35.00
2648 118.00
2649 55.00
2650 22.00
2651 36.00
2652 104.00
2653 6.00
2654 116.00
2655 33.33
2656 139.00
2658 95.00
2659 68.50
2660 104.80
2661 69.80
2662 34.00
2663 172.50
2666 237.00
2668 247.00
2669 97.67
2670 146.00
2671 33.75
2672 143.00
2673 48.00
2674 12.00
2675 97.33
2676 86.00
2677 100.75
2678 75.00
2679 71.00
2682 52.00
2683 17.00
2684 44.00
2685 87.67
2686 57.00
2687 94.00
2688 30.00
2689 37.33
2690 194.00
2691 87.50
2692 3.00
2693 91.00
2694 7.00
2695 47.00
2696 118.00
2697 78.00
2699 175.00
2700 104.75
2701 15.00
2702 45.67
2703 5.00
2704 26.00
2705 72.83
2706 36.00
2707 42.00
2708 106.00
2709 96.50
2710 77.00
2711 48.67
2712 27.50
2713 24.00
2714 74.00
2716 77.50
2717 91.00
2718 95.33
2719 50.00
2720 11.50
2721 276.00
2722 26.00
2723 62.50
2724 57.00
2725 93.67
2726 124.67
2727 25.75
2728 18.00
2729 56.00
2730 119.33
2731 56.80
2732 77.33
2733 49.75
2734 21.50
2736 11.50
2737 35.50
2738 214.50
2739 99.00
2740 49.00
2742 78.20
2743 23.00
2744 47.80
2745 82.50
2746 87.00
2747 165.50
2750 142.00
2751 14.00
2752 51.25
2755 104.50
2757 2.00
2758 30.00
2759 102.00
2760 84.50
2761 51.67
2762 61.00
2764 102.00
2765 64.50
2766 94.50
2767 58.67
2768 108.00
2769 1.00
2771 53.00
2772 189.67
2773 76.00
2774 62.00
2775 62.00
2776 37.00
2777 157.00
2778 99.00
2779 211.00
2780 42.00
2781 50.40
2782 103.00
2784 84.25
2785 37.00
2786 174.00
2787 161.00
2788 146.25
2789 101.00
2790 85.00
2791 111.67
2792 111.00
2793 22.00
2794 60.33
2795 67.00
2796 59.00
2797 161.00
2798 63.50
2799 129.33
2800 0.00
2801 19.50
2802 11.00
2803 12.50
2804 42.67
2805 22.33
2806 123.50
2807 169.00
2808 31.00
2809 102.20
2810 121.67
2811 46.50
2812 149.50
2813 57.00
2814 154.00
2815 40.33
2816 165.00
2818 64.33
2819 284.00
2820 47.00
2821 66.50
2822 72.50
2823 32.00
2824 273.00
2827 132.00
2828 53.50
2830 121.25
2831 27.00
2832 173.00
2833 268.00
2834 73.00
2836 152.00
2837 155.50
2839 39.50
2841 342.00
2843 39.00
2844 55.67
2845 172.67
2846 48.50
2847 63.00
2848 68.50
2849 79.00
2850 29.00
2851 67.50
2852 44.00
2853 41.75
2854 92.00
2855 111.00
2857 16.00
2858 44.33
2859 10.00
2860 180.50
2862 188.00
2863 99.75
2864 77.80
2865 32.33
2866 193.00
2867 46.00
2868 54.00
2869 27.00
2870 83.00
2872 156.50
2873 50.00
2874 55.00
2875 91.00
2876 87.86
2877 20.00
2879 86.50
2880 64.50
2881 246.00
2883 61.00
2884 69.00
2885 27.50
2886 154.00
2888 18.00
2889 100.75
2890 72.00
2891 55.50
2892 168.50
2893 130.80
2894 22.00
2895 209.00
2896 4.00
2897 121.00
2898 6.00
2899 71.00
2900 31.00
2901 15.50
2903 89.00
2904 99.00
2905 59.67
2906 48.00
2907 49.00
2908 32.00
2909 122.00
2911 112.00
2912 70.00
2913 108.00
2915 24.67
2916 29.00
2917 336.00
2918 24.00
2920 65.00
2921 124.67
2922 100.50
2923 128.00
2924 6.00
2925 60.50
2926 48.50
2927 181.50
2929 244.00
2930 95.00
2931 27.00
2932 28.33
2934 64.67
2935 101.00
2937 13.00
2938 26.50
2939 133.50
2940 56.00
2941 71.20
2942 132.33
2943 152.50
2944 60.00
2945 42.67
2946 56.33
2947 130.75
2948 94.00
2949 9.00
2950 121.33
2951 32.80
2952 188.00
2953 178.00
2954 60.00
2956 53.50
2957 13.50
2958 23.00
2959 25.00
2960 294.50
2961 37.00
2962 64.00
2963 82.00
2964 102.00
2965 144.67
2966 1.00
2967 226.00
2970 68.00
2972 56.50
2973 27.00
2974 17.67
2975 54.50
2976 139.67
2977 89.50
2978 24.00
2980 101.00
2981 113.00
2982 209.67
2983 73.00
2985 67.00
2986 113.00
2987 57.00
2988 116.00
2989 324.00
2990 136.00
2991 56.67
2992 211.50
2993 119.33
2994 51.75
2995 123.00
2996 43.00
2998 77.00
2999 290.00
3000 55.50
3001 88.00
3002 72.83
3003 116.00
3004 83.50
3005 169.00
3006 7.00
3007 62.40
3008 62.00
3009 257.00
3010 28.00
3011 15.33
3012 60.00
3013 138.75
3014 69.00
3016 106.50
3017 24.00
3019 52.00
3020 140.00
3021 84.33
3022 116.75
3023 486.00
3024 98.67
3025 67.00
3026 7.00
3028 78.00
3030 70.67
3031 133.00
3032 50.50
3033 54.00
3034 2.00
3035 170.00
3036 57.00
3037 86.00
3038 54.67
3039 156.00
3040 90.00
3041 455.00
3042 55.00
3043 70.00
3044 165.00
3045 35.00
3046 171.33
3047 61.00
3048 258.00
3049 48.00
3050 71.00
3053 103.50
3054 100.67
3055 227.50
3056 48.50
3057 25.50
3058 22.00
3059 87.00
3060 77.50
3061 28.00
3062 203.75
3063 39.00
3064 176.00
3068 41.50
3069 77.67
3070 134.50
3072 105.25
3073 78.00
3074 82.75
3075 61.40
3076 305.00
3077 103.33
3078 83.67
3079 81.00
3080 34.00
3081 228.00
3082 148.00
3083 10.00
3084 164.50
3086 43.00
3087 69.00
3088 23.00
3090 144.00
3091 7.00
3092 126.80
3094 27.00
3096 136.00
3097 57.00
3098 69.00
3099 59.00
3100 110.20
3101 58.00
3102 145.33
3103 46.33
3105 22.50
3106 86.00
3107 104.00
3108 75.33
3109 90.00
3110 100.50
3111 126.00
3112 55.50
3113 81.50
3115 84.00
3116 112.50
3117 75.33
3118 207.00
3119 47.00
3121 210.33
3124 37.00
3125 45.00
3126 66.00
3127 54.25
3128 184.00
3129 55.00
3130 73.50
3131 28.00
3132 117.67
3133 134.33
3134 48.60
3135 65.00
3136 58.67
3137 185.25
3139 42.00
3141 69.75
3142 29.50
3143 57.25
3144 168.25
3145 80.00
3146 86.00
3147 90.00
3148 30.00
3149 23.67
3150 235.00
3152 42.00
3153 45.80
3154 50.50
3155 160.50
3156 76.20
3157 13.00
3158 41.00
3159 40.67
3160 5.00
3161 122.50
3162 106.67
3163 74.25
3166 109.00
3167 54.00
3168 112.67
3169 87.75
3170 99.00
3172 29.00
3173 29.00
3174 235.50
3175 12.00
3177 64.00
3178 262.33
3179 97.67
3180 62.50
3181 244.00
3182 146.00
3183 26.00
3184 49.75
3185 106.00
3186 46.33
3188 53.50
3189 229.00
3190 2.00
3191 32.00
3192 8.00
3193 18.00
3194 32.00
3195 152.00
3196 86.50
3197 84.50
3198 69.33
3199 42.00
3200 88.00
3201 15.00
3202 76.00
3203 39.00
3204 37.80
3205 81.50
3206 109.50
3207 45.25
3208 81.00
3209 9.00
3210 20.00
3211 77.33
3213 131.67
3214 153.67
3215 89.00
3217 57.33
3219 64.33
3221 35.00
3222 41.80
3223 65.80
3224 102.50
3225 81.00
3226 207.75
3227 38.50
3229 84.00
3230 36.50
3231 50.00
3233 54.00
3234 23.00
3235 44.00
3236 210.50
3237 138.00
3238 11.00
3239 52.67
3240 51.50
3241 110.67
3243 49.33
3244 41.50
3245 105.00
3246 182.50
3247 68.50
3248 49.00
3250 27.00
3251 58.29
3252 126.25
3253 3.00
3254 88.50
3255 13.00
3256 36.00
3257 51.67
3258 161.50
3259 80.00
3260 25.25
3262 80.40
3263 151.00
3264 171.00
3265 46.50
3266 148.50
3267 164.33
3268 70.50
3269 119.00
3270 102.67
3271 141.00
3273 32.50
3274 87.00
3275 123.00
3276 44.00
3278 117.50
3279 24.50
3280 43.00
3281 92.50
3282 12.00
3283 47.00
3284 203.00
3285 62.00
3286 55.50
3287 104.00
3289 95.25
3290 18.33
3291 131.67
3293 37.75
3294 61.00
3295 127.00
3296 207.50
3297 231.00
3300 83.67
3301 105.67
3302 70.50
3303 162.67
3304 92.00
3305 181.00
3306 44.00
3307 49.50
3308 55.00
3309 61.80
3310 75.00
3311 111.00
3312 41.00
3313 2.00
3314 58.00
3315 69.00
3316 68.40
3317 187.50
3318 21.00
3319 9.00
3320 151.75
3321 12.50
3322 172.80
3323 3.00
3324 92.00
3325 29.00
3326 179.00
3327 206.00
3328 114.60
3329 0.00
3330 64.50
3331 55.00
3332 8.00
3333 142.50
3334 83.50
3335 208.33
3336 49.33
3337 183.67
3338 66.25
3339 205.67
3340 151.00
3342 188.50
3343 158.00
3344 51.00
3345 189.00
3346 1.00
3347 58.00
3348 40.00
3349 276.00
3350 56.00
3351 3.00
3352 56.20
3353 3.00
3354 134.33
3356 279.00
3358 223.17
3359 9.00
3360 111.00
3361 20.00
3362 95.00
3363 177.50
3364 180.50
3365 129.00
3366 99.33
3367 117.00
3368 127.67
3369 53.33
3370 73.25
3372 87.67
3373 82.00
3374 64.00
3375 84.00
3376 82.00
3377 162.00
3378 155.67
3379 165.00
3380 103.00
3381 57.00
3382 73.00
3383 21.50
3384 51.00
3385 99.17
3386 46.50
3387 216.00
3389 19.00
3390 51.20
3391 95.00
3393 66.60
3395 272.00
3397 120.67
3399 281.00
3400 12.00
3403 147.00
3404 244.00
3405 73.33
3406 10.50
3407 44.25
3408 25.00
3409 178.00
3410 114.00
3411 49.50
3412 63.33
3413 82.00
3414 96.33
3415 56.50
3417 182.00
3418 44.50
3419 29.67
3420 61.50
3421 169.00
3422 54.50
3423 48.50
3424 61.50
3425 43.00
3426 109.50
3427 125.00
3428 57.00
3429 121.00
3430 22.00
3431 105.67
3432 30.00
3433 16.00
3436 135.00
3437 82.67
3438 71.00
3439 88.00
3440 113.67
3442 359.00
3443 186.00
3444 133.00
3445 147.33
3446 32.75
3447 41.00
3448 35.25
3449 84.00
3451 108.00
3452 41.67
3453 78.00
3454 41.50
3455 104.50
3456 53.33
3457 113.00
3458 196.33
3459 75.50
3460 118.00
3461 8.00
3462 103.00
3463 54.00
3464 11.00
3466 30.33
3467 72.00
3468 206.00
3469 124.00
3470 18.00
3471 299.00
3472 95.00
3473 85.80
3474 116.25
3475 169.50
3476 36.50
3477 88.20
3478 47.00
3479 49.00
3480 117.67
3482 68.67
3483 145.00
3484 48.00
3485 9.50
3486 94.00
3487 182.00
3488 26.00
3489 97.20
3490 279.00
3491 135.00
3492 52.00
3493 58.33
3494 53.75
3495 19.00
3496 91.75
3497 124.25
3498 261.00
3500 27.00
3501 26.00
3502 3.00
3503 0.00
3504 58.33
3505 59.00
3506 131.67
3507 284.00
3508 9.33
3509 93.67
3510 30.00
3511 38.00
3512 105.00
3513 18.00
3514 181.00
3515 76.00
3516 63.00
3519 287.50
3520 151.67
3521 165.00
3522 8.00
3524 72.33
3525 61.67
3526 138.00
3527 87.50
3529 107.00
3530 3.00
3531 26.00
3532 170.00
3533 75.50
3536 109.00
3537 29.50
3538 99.00
3539 9.00
3542 19.00
3543 69.00
3544 17.00
3545 56.67
3546 151.60
3547 147.50
3548 14.00
3549 57.67
3550 83.33
3551 27.67
3552 3.00
3553 49.00
3554 53.50
3555 54.50
3556 15.50
3557 12.50
3558 138.50
3559 43.50
3560 83.67
3561 57.00
3562 43.00
3563 62.00
3565 100.75
3566 132.50
3567 127.00
3568 107.00
3569 72.00
3570 49.00
3571 161.50
3572 130.00
3575 37.00
3576 90.00
3577 72.00
3578 86.50
3579 234.00
3580 129.00
3581 27.00
3582 21.00
3586 20.00
3588 61.50
3589 16.00
3590 102.50
3591 49.67
3592 62.00
3594 84.00
3595 93.25
3596 90.00
3597 30.75
3598 55.33
3599 281.00
3600 20.00
3601 132.00
3602 5.00
3603 129.00
3604 5.67
3605 138.00
3606 176.00
3608 87.60
3609 62.00
3610 162.00
3611 52.00
3612 34.00
3613 191.50
3614 68.00
3615 29.33
3616 49.75
3617 77.00
3618 53.00
3619 53.00
3620 48.50
3621 128.50
3622 29.33
3623 57.33
3624 27.00
3625 31.00
3626 63.75
3627 43.50
3629 142.67
3630 8.00
3631 214.00
3632 54.75
3633 45.00
3634 109.00
3636 73.00
3637 51.33
3638 116.00
3639 53.80
3640 139.00
3642 82.33
3643 137.00
3645 263.00
3646 49.00
3647 98.00
3648 113.67
3649 93.00
3650 75.00
3651 151.00
3653 36.50
3655 62.00
3657 26.00
3658 50.00
3659 76.33
3660 274.00
3661 83.00
3662 107.00
3663 98.50
3664 75.50
3665 117.00
3666 127.33
3667 47.00
3668 147.25
3669 82.00
3670 72.33
3671 59.00
3672 214.00
3673 55.00
3674 47.50
3675 93.00
3676 63.00
3677 93.00
3679 90.50
3680 42.00
3681 203.00
3682 10.50
3683 51.50
3684 107.00
3685 82.50
3686 19.00
3687 45.67
3688 20.00
3689 58.50
3690 51.00
3691 94.50
3692 114.50
3693 261.00
3694 108.00
3695 187.00
3696 170.67
3698 66.75
3699 99.50
3700 19.33
3702 162.00
3703 54.00
3704 34.00
3705 77.00
3706 54.25
3707 207.00
3708 171.00
3710 105.50
3711 149.50
3712 6.25
3713 109.00
3715 105.67
3716 73.00
3718 55.50
3721 133.33
3722 110.25
3723 201.00
3724 104.00
3725 101.00
3726 46.00
3727 81.00
3728 44.67
3729 108.50
3730 84.75
3731 59.50
3732 30.00
3733 86.50
3734 39.00
3735 126.50
3736 31.00
3737 55.00
3738 73.00
3739 57.00
3742 10.00
3743 121.00
3744 72.50
3746 57.50
3747 236.00
3748 149.33
3749 48.50
3750 70.00
3751 309.00
3752 23.00
3753 92.33
3754 68.80
3755 36.50
3756 205.00
3757 263.00
3758 52.33
3759 50.00
3760 38.00
3761 95.00
3762 82.33
3763 42.00
3764 119.00
3765 6.67
3766 55.33
3767 58.00
3768 125.00
3769 92.00
3770 4.00
3771 38.00
3772 152.00
3773 112.00
3775 74.50
3776 78.50
3777 69.83
3778 5.00
3779 71.00
3780 79.00
3781 73.00
3783 69.50
3784 29.00
3785 129.00
3786 30.00
3787 488.00
3788 73.00
3789 266.50
3790 71.50
3791 95.00
3792 49.50
3793 24.00
3794 94.00
3795 100.00
3796 2.00
3797 147.50
3798 29.00
3799 218.00
3800 45.40
3801 110.33
3802 61.75
3803 150.00
3804 40.00
3805 154.57
3807 122.67
3808 54.75
3809 81.00
3810 115.00
3811 51.00
3812 197.50
3813 96.25
3814 41.50
3815 176.50
3816 71.00
3817 38.50
3818 76.67
3819 196.00
3820 125.33
3821 65.00
3822 33.67
3825 84.00
3826 111.00
3827 45.00
3829 72.67
3830 89.00
3831 62.50
3832 7.00
3833 35.33
3834 75.33
3835 50.75
3836 97.33
3837 22.00
3838 106.80
3839 135.50
3840 160.00
3841 90.20
3842 57.00
3844 40.00
3845 90.00
3847 73.00
3848 67.00
3849 71.67
3850 54.80
3851 77.00
3852 48.25
3853 188.00
3854 82.00
3856 130.60
3857 5.00
3858 94.50
3859 261.00
3860 101.67
3861 202.00
3863 201.00
3864 25.00
3866 126.33
3868 9.50
3869 72.33
3870 40.50
3871 107.00
3872 21.50
3873 71.00
3874 33.00
3876 85.33
3877 97.00
3879 108.00
3880 46.50
3882 52.00
3883 47.50
3884 53.67
3886 13.50
3887 86.00
3888 207.67
3889 40.50
3890 113.00
3891 4.50
3892 92.67
3894 40.75
3895 31.33
3896 121.00
3897 100.00
3898 93.00
3899 72.33
3900 112.00
3901 106.00
3902 90.00
3903 83.50
3904 25.50
3907 119.00
3908 62.00
3910 142.50
3911 77.33
3912 109.50
3913 94.00
3914 10.00
3915 134.00
3916 289.00
3917 45.00
3918 149.50
3919 58.00
3920 376.00
3921 67.00
3922 2.00
3923 62.80
3924 30.00
3925 33.00
3926 211.67
3928 250.00
3929 85.00
3930 125.00
3931 76.00
3932 30.00
3933 152.50
3935 19.00
3936 100.00
3937 55.00
3939 80.00
3940 88.00
3941 96.00
3942 29.00
3943 45.00
3944 126.25
3945 70.00
3946 31.33
3947 9.00
3948 46.33
3949 121.60
3950 98.00
3951 62.50
3952 11.50
3954 109.50
3955 36.75
3956 93.00
3957 119.00
3958 25.33
3959 57.00
3960 80.67
3961 78.20
3962 234.50
3963 21.33
3964 105.00
3965 103.50
3966 45.00
3967 163.00
3968 13.00
3969 111.00
3970 69.50
3971 34.00
3972 57.00
3973 26.50
3974 46.50
3975 60.50
3976 36.00
3977 76.50
3978 140.00
3979 155.75
3980 2.00
3981 102.67
3982 13.00
3983 108.00
3984 178.00
3985 74.33
3986 166.50
3987 67.40
3988 46.33
3990 19.50
3991 45.50
3992 12.00
3993 207.50
3994 89.50
3995 100.67
3996 49.33
3997 122.67
3998 42.50
3999 51.50
4000 102.67
4001 73.43
4002 82.00
4003 14.00
4004 70.00
4005 35.00
4006 50.00
4007 115.00
4008 172.00
4009 135.50
4010 70.00
4011 109.33
4012 16.50
4014 25.50
4015 101.50
4016 72.50
4017 192.50
4019 106.20
4020 13.33
4021 59.00
4022 64.00
4023 44.83
4024 9.00
4025 114.00
4026 61.50
4027 9.00
4028 128.67
4029 46.00
4030 218.00
4031 74.00
4032 112.00
4034 79.00
4036 154.67
4037 25.00
4038 64.50
4039 50.00
4040 178.00
4041 100.00
4042 75.50
4043 189.67
4045 168.33
4046 386.00
4047 46.00
4048 141.00
4049 147.67
4050 40.50
4051 181.50
4052 128.00
4053 215.00
4054 127.67
4055 90.00
4056 73.00
4057 121.67
4058 106.00
4059 76.33
4060 39.00
4061 105.80
4062 60.00
4064 57.00
4066 29.00
4067 292.00
4068 19.00
4069 49.00
4070 162.50
4071 61.25
4072 114.00
4073 84.75
4074 119.00
4075 27.00
4076 44.33
4077 41.50
4078 104.00
4079 67.50
4080 19.00
4081 219.00
4082 24.00
4083 60.75
4084 155.50
4085 109.00
4086 85.00
4087 9.67
4088 32.25
4090 110.00
4092 56.00
4094 5.00
4095 52.25
4096 105.50
4098 154.50
4100 57.38
4101 79.00
4102 39.00
4103 81.50
4104 94.00
4106 123.00
4107 75.50
4108 106.75
4109 48.25
4110 63.00
4111 48.00
4112 83.00
4114 74.50
4115 162.00
4116 59.75
4117 58.00
4118 11.00
4120 91.25
4121 72.67
4122 58.00
4123 25.00
4124 72.00
4125 101.50
4126 38.33
4127 42.50
4128 26.50
4130 62.00
4131 94.67
4132 33.00
4133 134.50
4134 28.00
4135 150.50
4136 53.00
4137 59.50
4138 69.50
4139 30.00
4141 62.75
4142 64.67
4144 118.00
4145 58.50
4146 74.33
4147 41.00
4149 94.00
4150 263.00
4151 70.00
4152 108.80
4154 69.12
4155 64.67
4156 4.00
4157 57.67
4158 246.00
4160 233.50
4161 19.00
4162 50.00
4164 30.75
4165 130.00
4166 90.33
4167 72.67
4169 74.50
4170 79.00
4171 176.00
4173 90.00
4174 63.33
4175 163.00
4176 88.00
4177 142.40
4178 48.00
4179 130.50
4180 184.67
4181 51.67
4182 161.00
4183 86.00
4184 54.50
4185 124.00
4186 133.33
4187 268.50
4188 129.00
4189 55.50
4191 27.33
4192 96.25
4193 65.67
4194 36.00
4195 78.25
4196 1.50
4199 65.67
4200 108.00
4201 9.00
4202 226.00
4203 69.00
4204 61.50
4205 94.50
4207 84.00
4208 119.67
4210 33.50
4211 114.50
4212 60.00
4213 158.00
4214 27.00
4215 91.00
4216 152.00
4217 33.75
4218 154.33
4220 202.00
4222 63.25
4223 84.86
4224 102.00
4225 68.50
4227 18.00
4228 86.50
4229 21.50
4230 51.60
4232 154.33
4234 24.00
4235 114.67
4236 71.50
4237 120.67
4238 48.50
4239 146.75
4240 121.33
4241 125.33
4242 61.33
4243 279.00
4244 50.00
4245 142.00
4246 25.50
4247 32.00
4248 77.50
4250 166.00
4251 104.67
4252 104.00
4253 36.00
4254 32.00
4256 79.00
4257 30.00
4258 45.00
4259 188.50
4260 43.67
4261 38.00
4264 57.00
4265 134.50
4266 111.50
4267 69.50
4268 125.50
4269 63.20
4270 28.00
4271 22.50
4272 163.00
4273 23.00
4274 78.33
4275 56.67
4276 137.33
4277 206.50
4278 26.00
4279 20.50
4280 48.00
4281 33.50
4282 91.00
4283 154.50
4284 28.00
4285 42.50
4286 69.00
4287 51.33
4288 155.50
4289 18.00
4290 25.50
4291 16.00
4292 52.00
4293 31.80
4294 64.00
4295 185.50
4296 29.00
4297 130.50
4299 48.00
4300 80.80
4301 77.50
4302 249.50
4303 119.67
4304 85.60
4305 32.00
4306 101.75
4307 75.00
4309 19.00
4310 60.50
4311 41.00
4312 8.00
4313 27.00
4314 44.50
4315 59.50
4316 69.00
4317 105.75
4318 2.00
4319 38.00
4320 51.00
4322 47.00
4323 230.00
4324 94.00
4325 49.50
4328 83.50
4329 79.40
4332 102.00
4333 84.50
4334 75.00
4335 37.50
4336 419.00
4337 30.33
4338 42.00
4339 15.00
4340 175.33
4341 89.00
4342 67.67
4343 10.00
4344 8.00
4345 161.00
4346 71.75
4347 66.00
4348 77.75
4349 162.50
4350 108.60
4351 90.00
4352 177.33
4353 79.62
4354 205.00
4355 61.00
4356 58.50
4358 124.00
4359 229.00
4360 84.00
4361 86.60
4362 166.50
4363 73.00
4364 140.33
4365 137.00
4366 153.75
4367 61.00
4368 58.00
4370 55.33
4371 35.50
4372 20.00
4373 145.00
4374 8.00
4375 129.33
4376 97.00
4378 48.50
4379 33.00
4380 203.00
4381 50.00
4382 45.75
4384 171.00
4386 36.00
4387 245.00
4388 30.00
4389 35.33
4390 0.00
4391 140.00
4392 36.50
4394 120.50
4396 106.60
4397 39.00
4398 29.33
4399 39.50
4400 23.00
4401 78.25
4402 12.00
4403 158.00
4404 47.00
4405 332.00
4406 127.75
4407 147.00
4408 48.33
4409 107.50
4410 107.67
4411 70.00
4412 149.00
4413 46.50
4414 147.50
4415 214.00
4416 62.67
4417 119.00
4418 77.00
4419 92.67
4422 47.00
4423 114.33
4424 130.67
4425 13.00
4426 14.00
4427 62.25
4428 235.00
4430 205.67
4431 39.25
4432 271.00
4433 180.00
4434 85.50
4435 152.00
4436 147.00
4437 128.75
4438 123.50
4440 10.00
4441 54.50
4442 21.00
4443 21.00
4444 0.00
4445 32.00
4446 208.50
4447 30.00
4448 0.00
4449 48.67
4450 58.00
4451 121.00
4452 41.80
4453 75.50
4454 120.50
4455 33.67
4456 90.00
4457 85.67
4458 38.00
4459 81.50
4460 246.50
4461 38.00
4462 72.00
4463 104.00
4464 53.20
4465 89.25
4466 227.00
4467 196.50
4469 91.00
4470 253.00
4471 56.50
4473 14.00
4474 30.50
4475 96.33
4476 94.33
4477 100.33
4478 147.00
4479 62.00
4480 80.00
4481 0.00
4482 61.00
4483 143.00
4484 143.50
4485 110.67
4486 57.50
4487 41.00
4490 28.20
4491 95.50
4492 206.00
4493 57.00
4495 54.25
4497 40.50
4498 100.75
4499 56.20
4500 198.50
4501 41.50
4502 40.25
4503 26.00
4504 281.00
4505 168.00
4506 82.60
4507 70.67
4508 40.50
4509 130.25
4510 0.00
4511 242.00
4512 56.50
4514 68.80
4515 114.67
4516 6.00
4517 139.20
4518 69.50
4519 31.67
4520 43.00
4521 368.00
4522 15.00
4523 113.00
4524 61.67
4525 59.00
4526 90.60
4527 168.50
4528 10.00
4529 39.00
4531 97.67
4532 19.00
4533 76.00
4534 142.00
4535 46.00
4536 83.67
4537 82.67
4538 127.00
4539 44.20
4540 93.33
4542 68.67
4544 6.00
4545 190.25
4547 98.75
4548 155.50
4549 83.25
4551 305.00
4552 100.33
4553 12.50
4554 84.33
4555 186.00
4556 93.00
4557 56.67
4558 125.00
4559 126.83
4560 114.00
4561 97.50
4563 139.00
4564 59.00
4565 43.00
4566 176.50
4567 70.00
4568 221.33
4569 95.00
4570 51.50
4571 21.00
4572 173.50
4575 42.67
4576 70.00
4577 82.00
4578 9.00
4579 61.50
4581 26.00
4582 42.80
4583 214.00
4585 65.00
4586 60.33
4587 45.00
4588 55.67
4589 42.00
4590 2.00
4591 50.00
4592 90.75
4593 167.00
4594 61.00
4595 60.12
4596 135.00
4597 87.00
4598 122.00
4600 171.75
4601 174.00
4602 93.00
4603 124.25
4604 92.00
4605 106.50
4607 60.00
4608 94.40
4609 50.00
4610 45.00
4611 87.00
4612 10.50
4613 153.00
4615 49.50
4617 87.00
4618 33.67
4619 25.50
4620 94.50
4621 78.50
4622 30.50
4623 36.00
4624 1.00
4625 66.38
4626 104.50
4627 63.33
4628 116.50
4629 39.50
4630 20.00
4631 94.25
4632 30.33
4633 56.00
4634 69.25
4635 59.00
4636 62.00
4637 47.00
4638 95.00
4639 117.20
4641 80.00
4642 120.50
4643 77.00
4645 137.00
4646 76.00
4647 37.00
4650 59.00
4652 77.67
4653 44.33
4654 44.00
4655 31.33
4656 24.60
4657 94.00
4658 57.67
4659 26.50
4660 76.00
4661 172.00
4662 77.33
4663 40.00
4664 98.25
4665 74.40
4666 39.50
4667 75.00
4668 207.33
4669 83.00
4670 133.25
4671 75.00
4672 15.00
4673 110.50
4674 35.00
4675 20.00
4676 153.67
4677 128.00
4678 79.00
4679 152.00
4680 79.00
4681 75.00
4682 33.00
4683 51.00
4684 107.50
4685 29.00
4686 63.33
4687 69.50
4688 74.67
4689 6.00
4690 91.00
4691 51.00
4692 35.00
4693 53.20
4694 116.00
4695 35.00
4696 74.83
4697 152.00
4698 53.25
4699 62.00
4700 79.00
4702 69.67
4703 43.00
4705 60.40
4706 153.50
4707 57.00
4709 25.00
4710 91.00
4711 222.00
4712 90.50
4713 60.00
4714 25.50
4715 23.75
4716 32.00
4717 11.00
4718 10.00
4719 76.50
4720 147.00
4721 88.50
4722 61.00
4723 108.00
4724 30.33
4727 146.00
4728 119.33
4729 22.00
4731 80.00
4732 58.00
4733 79.33
4735 169.00
4736 5.00
4739 48.00
4740 23.00
4741 114.00
4742 35.33
4743 55.00
4745 110.67
4746 20.00
4747 56.00
4748 82.00
4749 302.00
4751 72.33
4752 79.25
4753 89.00
4754 40.00
4755 78.00
4756 70.67
4758 108.75
4759 79.00
4760 30.00
4761 38.00
4762 372.00
4763 49.00
4764 42.00
4765 11.00
4766 22.50
4767 54.00
4769 154.00
4770 99.00
4771 57.60
4772 82.33
4773 142.00
4774 116.00
4775 154.50
4776 67.00
4777 94.00
4778 50.50
4779 34.50
4780 66.00
4781 85.33
4782 65.00
4785 42.50
4786 96.50
4787 88.00
4788 34.00
4789 49.00
4790 223.50
4791 111.00
4792 50.67
4793 16.00
4794 433.00
4795 75.00
4796 77.00
4797 24.00
4798 87.00
4800 142.25
4801 47.25
4802 42.00
4803 154.50
4804 107.00
4806 101.67
4807 10.00
4808 38.67
4809 125.50
4811 37.00
4812 76.40
4813 134.50
4814 171.00
4815 194.50
4816 27.00
4817 9.00
4818 169.00
4819 41.00
4820 63.75
4821 75.60
4823 177.67
4824 150.00
4825 136.50
4826 157.00
4827 53.00
4828 100.00
4829 120.00
4830 79.00
4832 69.00
4833 53.50
4834 82.00
4835 71.67
4836 7.00
4837 140.00
4838 51.75
4841 14.00
4842 35.33
4843 154.00
4844 69.25
4845 39.33
4846 66.00
4847 38.00
4848 13.50
4849 108.00
4850 113.40
4851 25.00
4853 103.67
4854 18.00
4855 64.33
4856 231.00
4857 41.00
4858 41.25
4859 155.00
4860 1.00
4861 71.50
4864 43.00
4865 135.80
4866 181.67
4867 62.00
4868 57.50
4870 71.25
4871 107.50
4872 82.00
4873 72.00
4874 5.00
4876 90.33
4877 42.67
4878 50.00
4880 57.00
4881 27.00
4882 12.50
4884 163.00
4885 25.00
4887 105.40
4888 93.67
4889 112.33
4890 55.75
4892 23.50
4893 16.00
4894 111.25
4896 90.00
4897 66.67
4898 404.00
4899 137.00
4900 68.00
4901 73.00
4903 22.00
4904 80.00
4905 63.00
4906 66.25
4907 37.00
4908 75.00
4909 84.00
4910 73.75
4911 72.67
4912 99.67
4913 325.50
4914 122.00
4915 114.50
4916 156.50
4917 49.75
4918 80.50
4921 68.50
4922 59.60
4923 285.00
4925 76.50
4926 16.00
4928 80.00
4929 192.00
4930 16.50
4932 119.00
4933 19.00
4934 20.67
4935 22.00
4936 8.50
4937 150.43
4938 90.25
4939 212.00
4940 40.00
4941 73.00
4942 36.00
4943 204.00
4944 160.33
4945 260.00
4946 10.00
4947 66.00
4948 89.50
4949 47.00
4950 78.00
4951 92.50
4952 95.50
4953 155.00
4954 50.00
4955 144.00
4956 73.00
4957 13.67
4958 60.00
4959 58.67
4960 38.00
4961 88.67
4962 67.50
4963 129.67
4964 51.50
4965 32.20
4966 56.67
4967 29.00
4968 108.40
4969 63.00
4970 59.00
4971 32.50
4972 118.75
4973 116.50
4975 38.00
4976 38.00
4978 28.00
4979 177.00
4980 68.50
4981 115.00
4982 80.00
4983 106.50
4984 31.33
4986 37.50
4987 43.00
4988 112.00
4989 26.00
4990 115.00
4991 57.00
4994 170.67
4996 75.33
4997 122.00
4998 54.33
4999 28.67
5000 237.00
5001 134.00
5002 55.33
5003 112.67
5004 57.00
5005 24.00
5006 95.00
5007 31.80
5008 158.00
5009 113.50
5011 60.33
5012 37.00
5013 222.00
5014 122.50
5015 244.33
5016 33.50
5017 16.50
5018 35.20
5019 56.50
5021 90.40
5022 35.00
5023 230.00
5024 132.00
5026 126.00
5027 89.20
5029 63.40
5030 112.50
5031 45.00
5032 184.00
5034 34.00
5035 63.25
5036 76.25
5037 56.67
5038 90.50
5039 3.00
5040 95.50
5041 38.00
5044 206.50
5045 7.00
5046 46.67
5047 116.00
5048 131.33
5049 101.25
5050 4.00
5052 29.00
5053 76.50
5054 65.33
5055 65.50
5056 48.50
5057 44.00
5058 130.00
5059 71.33
5060 100.75
5061 121.00
5062 45.00
5064 69.67
5065 146.50
5066 30.00
5067 16.00
5068 1.00
5069 106.67
5071 29.50
5073 115.50
5074 17.00
5075 124.00
5076 66.00
5077 59.40
5078 33.00
5079 59.50
5080 138.00
5081 42.33
5082 26.00
5083 36.00
5084 7.00
5085 72.75
5086 144.50
5087 77.00
5088 8.00
5089 20.50
5090 165.75
5091 7.00
5092 293.00
5093 11.00
5094 70.33
5095 88.33
5096 71.00
5097 27.67
5098 23.00
5099 81.00
5100 2.00
5102 99.00
5103 260.00
5104 266.00
5105 54.67
5106 320.50
5107 15.50
5108 111.00
5109 89.20
5110 189.67
5111 30.33
5112 146.50
5113 77.00
5114 82.00
5115 40.00
5116 27.00
5117 62.33
5118 69.33
5119 24.75
5120 45.00
5121 57.00
5122 136.00
5123 141.50
5125 2.00
5126 2.00
5127 24.00
5128 63.50
5129 22.50
5131 9.00
5132 4.00
5133 53.00
5135 83.33
5136 59.00
5137 55.50
5138 103.00
5139 339.00
5140 61.00
5141 25.60
5143 36.33
5144 22.00
5146 12.00
5148 131.00
5149 114.50
5152 42.00
5153 210.00
5154 69.00
5155 108.00
5156 31.00
5157 116.00
5158 65.75
5159 88.33
5160 173.00
5161 26.00
5162 64.67
5163 33.50
5164 123.50
5165 161.00
5166 42.00
5167 152.00
5168 104.00
5169 65.00
5170 24.50
5171 31.33
5172 93.00
5173 160.50
5174 104.00
5175 37.67
5176 92.00
5177 57.00
5178 76.67
5179 111.00
5180 62.00
5181 113.00
5182 52.00
5184 230.00
5185 21.67
5186 42.25
5187 52.67
5188 65.00
5189 38.00
5190 17.00
5191 18.00
5192 48.00
5193 41.50
5194 80.33
5195 57.00
5196 77.60
5197 47.00
5198 66.50
5199 186.00
5200 86.00
5201 48.33
5203 84.67
5204 112.00
5205 167.50
5206 43.00
5207 290.00
5208 41.00
5209 168.00
5211 154.33
5212 45.50
5213 79.00
5214 153.00
5215 89.00
5217 91.25
5218 106.75
5219 59.00
5220 31.00
5223 106.00
5224 32.75
5225 22.50
5226 22.00
5227 3.00
5228 82.00
5229 41.00
5230 107.33
5231 61.00
5232 284.00
5233 91.50
5236 63.00
5237 101.50
5238 234.00
5239 57.50
5240 222.67
5241 56.00
5242 31.33
5243 199.00
5244 62.00
5245 32.67
5246 48.00
5247 163.00
5248 96.33
5249 82.33
5250 98.50
5251 35.00
5252 44.20
5253 47.40
5254 60.20
5255 209.50
5257 45.00
5259 130.00
5260 74.33
5261 179.50
5262 97.75
5263 26.00
5265 153.00
5266 11.00
5267 30.00
5268 19.00
5269 243.00
5270 3.00
5271 72.50
5272 48.67
5273 44.40
5276 94.50
5277 60.00
5278 68.00
5279 38.00
5280 36.00
5281 127.00
5283 37.33
5284 157.50
5286 78.00
5287 187.50
5288 217.50
5289 11.50
5290 39.00
5291 51.00
5292 163.00
5293 71.00
5294 95.75
5295 40.33
5296 81.00
5297 98.50
5298 40.80
5299 65.00
5300 238.00
5301 80.00
5302 102.67
5303 35.00
5304 108.67
5306 11.00
5307 73.50
5308 42.60
5309 29.33
5310 92.00
5311 128.00
5313 216.00
5314 62.67
5315 21.50
5316 73.40
5317 37.67
5318 141.00
5319 60.00
5320 101.67
5321 44.17
5322 41.50
5323 43.50
5324 133.00
5325 33.50
5326 267.00
5328 64.00
5329 96.00
5330 41.67
5331 44.00
5332 47.67
5333 86.40
5334 97.50
5335 77.00
5336 68.00
5338 118.50
5339 165.75
5341 82.00
5342 103.00
5345 6.00
5346 58.00
5347 70.00
5348 74.33
5349 238.00
5350 92.00
5351 120.67
5353 23.00
5354 51.33
5355 45.33
5357 60.33
5358 51.50
5359 228.50
5361 47.00
5362 77.33
5363 99.00
5364 74.50
5366 75.50
5367 35.00
5369 83.20
5370 159.25
5371 28.00
5372 105.00
5374 90.14
5375 63.00
5376 132.33
5377 129.00
5378 138.00
5379 55.50
5380 55.00
5381 250.00
5383 54.00
5385 107.67
5386 245.67
5387 167.00
5388 64.40
5389 123.00
5390 42.75
5391 72.33
5392 145.50
5393 15.00
5394 100.00
5395 408.00
5396 41.00
5397 32.00
5398 42.00
5399 62.67
5400 130.00
5401 76.67
5402 114.00
5403 25.50
5404 151.67
5405 64.67
5406 11.00
5407 126.67
5408 70.50
5409 43.00
5410 38.00
5411 133.33
5412 46.67
5413 196.50
5414 135.00
5415 10.00
5416 84.00
5417 76.67
5418 38.00
5419 33.00
5420 110.50
5421 56.00
5422 202.00
5423 85.00
5424 66.00
5426 176.00
5427 87.00
5428 127.00
5429 125.00
5430 299.00
5431 90.50
5432 119.00
5433 63.00
5434 118.67
5435 47.67
5436 76.00
5437 65.00
5438 34.00
5439 49.00
5440 102.00
5441 27.50
5442 83.75
5443 108.00
5444 15.00
5445 56.33
5447 72.00
5448 32.00
5449 99.00
5450 118.40
5451 70.00
5452 154.20
5454 57.50
5455 38.67
5456 102.50
5457 142.00
5458 25.00
5459 168.00
5461 93.50
5462 24.33
5463 47.00
5464 12.00
5465 89.00
5466 47.00
5467 190.50
5468 37.00
5469 110.00
5470 39.00
5471 19.50
5472 94.00
5473 43.25
5474 86.00
5475 91.33
5476 273.00
5477 128.33
5478 29.50
5479 125.50
5481 41.50
5482 95.75
5483 184.00
5484 93.00
5485 79.00
5487 169.00
5488 47.00
5489 42.00
5490 39.50
5491 51.50
5492 56.40
5493 64.00
5494 36.33
5495 76.67
5496 23.33
5497 93.00
5498 162.50
5499 43.67
5502 38.00
5503 55.00
5504 126.50
5505 37.00
5506 142.67
5507 63.00
5508 129.67
5509 26.00
5510 72.25
5511 45.67
5512 14.00
5513 130.00
5515 15.00
5516 173.00
5517 72.33
5518 22.00
5519 36.00
5520 28.00
5521 77.00
5522 7.00
5523 189.00
5526 153.00
5527 104.00
5528 33.00
5529 61.00
5530 144.00
5531 68.67
5532 90.33
5533 119.75
5534 180.80
5535 88.50
5536 152.67
5537 19.50
5538 42.00
5539 74.00
5540 118.50
5541 24.67
5542 122.33
5543 91.50
5544 16.00
5545 55.25
5546 71.75
5547 69.00
5548 64.75
5549 29.00
5550 85.00
5551 111.00
5553 164.33
5554 32.67
5555 38.00
5556 39.00
5557 0.00
5558 56.33
5559 118.00
5560 21.00
5561 43.00
5562 138.00
5565 10.00
5566 109.00
5567 46.00
5568 48.50
5569 222.50
5570 345.00
5571 94.00
5572 39.00
5573 60.00
5574 31.00
5575 210.33
5576 70.00
5577 138.00
5578 35.50
5579 127.00
5580 91.33
5581 118.80
5582 80.00
5584 155.25
5585 323.00
5586 185.00
5588 56.00
5589 103.00
5590 44.00
5591 120.80
5592 108.50
5593 116.67
5594 106.50
5595 149.50
5596 73.00
5597 132.00
5598 85.50
5599 103.67
5600 61.00
5602 169.50
5603 99.33
5604 55.50
5605 122.00
5606 43.50
5608 85.67
5609 346.00
5610 85.00
5611 76.00
5613 62.50
5614 26.50
5615 52.00
5616 137.00
5617 37.00
5618 52.00
5619 35.00
5620 36.33
5621 114.00
5622 153.67
5623 295.00
5625 100.00
5627 61.00
5628 67.40
5629 109.00
5630 100.40
5632 434.00
5633 72.00
5634 37.00
5635 129.00
5636 65.75
5637 131.00
5638 14.00
5639 48.50
5641 157.33
5642 83.00
5643 103.50
5644 91.00
5645 91.67
5646 45.00
5647 59.33
5648 19.00
5649 94.60
5650 83.00
5651 163.00
5654 7.00
5656 83.00
5657 201.50
5658 85.00
5659 123.00
5660 28.33
5661 46.67
5662 147.00
5663 153.00
5664 97.00
5665 55.00
5666 271.00
5667 24.00
5668 86.00
5669 15.00
5670 56.67
5671 187.80
5672 102.00
5673 112.00
5674 108.00
5675 121.67
5676 87.00
5677 111.33
5678 146.00
5679 59.50
5680 112.67
5681 36.00
5682 40.00
5683 130.00
5685 31.25
5686 52.00
5687 22.50
5688 54.25
5689 168.00
5690 87.00
5691 54.00
5692 28.00
5693 75.00
5694 53.00
5695 67.00
5696 84.50
5697 97.67
5698 56.00
5699 172.00
5700 108.50
5701 45.75
5702 110.50
5703 65.67
5704 145.00
5705 21.00
5706 30.00
5707 49.50
5708 27.00
5709 47.60
5710 96.00
5711 78.00
5713 41.00
5714 125.00
5715 21.00
5716 88.33
5717 26.00
5718 83.00
5719 27.00
5720 85.50
5721 32.50
5722 168.00
5723 222.00
5724 91.50
5725 92.00
5726 75.00
5727 82.20
5729 97.33
5730 97.00
5731 71.00
5733 50.00
5734 122.00
5735 57.00
5736 107.00
5737 6.50
5738 73.75
5739 140.33
5740 85.00
5741 377.00
5742 105.67
5744 89.00
5745 134.00
5746 24.00
5747 17.00
5748 57.67
5749 41.00
5750 2.00
5751 18.67
5752 43.00
5753 133.50
5754 63.50
5755 126.50
5756 22.00
5758 44.00
5761 6.50
5763 56.00
5764 181.00
5765 104.00
5766 177.33
5767 33.00
5768 12.00
5769 65.00
5770 23.00
5771 36.50
5773 32.00
5774 151.50
5775 101.20
5777 84.00
5778 151.00
5779 4.00
5780 142.40
5781 77.60
5782 112.00
5783 40.00
5784 194.00
5785 64.00
5787 86.75
5788 16.00
5789 82.83
5790 102.50
5791 148.00
5795 50.00
5796 47.00
5797 28.33
5798 145.75
5799 120.00
5800 25.00
5801 65.00
5802 40.67
5804 140.50
5806 45.33
5807 69.00
5808 23.00
5809 105.00
5810 84.75
5811 87.00
5812 66.00
5813 88.00
5814 39.00
5815 71.50
5816 129.33
5817 63.00
5818 18.00
5820 56.00
5821 132.33
5822 188.00
5823 23.00
5824 64.00
5825 102.50
5826 63.80
5828 159.50
5829 5.00
5830 23.00
5832 50.00
5833 177.00
5834 75.67
5835 22.50
5838 48.00
5839 20.25
5840 83.33
5841 38.00
5842 36.00
5843 37.33
5844 32.00
5846 37.33
5847 14.33
5848 70.00
5849 242.00
5851 115.00
5852 16.00
5853 114.00
5854 171.67
5857 58.60
5858 96.00
5859 51.50
5860 289.00
5861 72.00
5862 91.00
5863 22.00
5864 19.00
5865 82.25
5866 100.50
5867 109.00
5868 38.00
5869 59.00
5870 23.00
5871 44.00
5872 100.50
5873 373.00
5874 58.00
5875 26.00
5876 15.00
5877 55.50
5878 233.00
5879 114.50
5880 55.60
5881 68.50
5882 27.40
5883 38.20
5885 6.00
5886 24.00
5887 177.00
5888 195.50
5889 217.00
5890 172.67
5891 122.00
5892 13.00
5895 95.00
5896 107.67
5897 113.67
5898 49.00
5899 23.00
5900 121.00
5901 113.00
5903 256.00
5904 27.00
5905 35.00
5906 5.00
5907 89.67
5908 48.20
5909 25.00
5910 47.50
5911 22.00
5913 67.00
5914 98.33
5915 35.33
5916 127.00
5917 130.50
5918 193.00
5920 97.25
5921 79.00
5922 76.00
5924 21.33
5925 192.00
5926 105.67
5927 187.00
5928 51.25
5929 23.00
5930 18.50
5931 57.00
5932 51.50
5935 113.33
5937 59.33
5938 11.00
5939 66.25
5940 107.00
5941 111.00
5942 91.00
5943 97.33
5944 41.50
5945 94.25
5946 74.75
5947 92.67
5950 74.00
5951 121.00
5952 28.00
5953 206.00
5954 126.80
5955 83.33
5956 0.00
5957 220.50
5958 92.33
5959 15.00
5962 18.00
5963 21.00
5964 182.00
5965 147.80
5966 43.50
5967 79.00
5968 64.50
5969 16.00
5970 149.50
5971 30.00
5972 45.00
5973 81.67
5974 79.67
5975 63.50
5976 134.33
5977 12.50
5978 57.67
5979 429.00
5980 9.50
5983 119.67
5984 74.00
5985 12.50
5986 48.00
5987 94.00
5988 20.00
5989 110.00
5990 95.33
5991 237.00
5992 27.00
5993 154.33
5994 75.00
5995 128.33
5996 42.00
5997 14.50
5998 37.00
5999 67.00
6002 90.00
6003 66.33
6004 70.67
6005 118.00
6006 115.00
6007 117.75
6008 62.50
6009 3.00
6010 31.00
6011 144.00
6012 107.83
6013 86.20
6014 15.00
6015 22.00
6016 44.00
6017 79.00
6019 76.33
6020 48.00
6022 38.00
6023 270.00
6024 216.50
6025 173.00
6026 21.00
6027 72.50
6029 43.00
6030 134.00
6031 113.67
6032 48.80
6033 25.67
6034 178.17
6035 67.00
6037 162.00
6039 93.00
6040 15.00
6041 79.00
6044 44.50
6045 119.00
6046 32.00
6047 12.00
6048 82.67
6049 94.00
6050 213.00
6051 147.00
6052 116.75
6053 52.00
6054 54.00
6057 17.67
6058 41.00
6059 92.00
6060 116.00
6061 48.50
6062 38.00
6063 89.67
6064 9.50
6065 155.40
6066 14.00
6067 102.20
6068 65.00
6069 32.75
6070 121.33
6071 36.50
6072 154.00
6073 42.50
6075 74.00
6076 46.67
6077 121.75
6078 186.50
6079 121.00
6080 223.00
6082 8.00
6084 138.00
6085 153.50
6086 148.00
6087 74.50
6088 78.00
6091 112.33
6092 26.00
6093 37.00
6094 50.00
6097 85.60
6098 60.33
6099 83.00
6100 37.00
6101 44.67
6102 60.75
6103 44.67
6104 85.00
6106 53.50
6108 169.50
6109 60.50
6110 69.00
6111 13.00
6112 80.00
6113 93.00
6114 174.00
6115 163.00
6116 61.75
6117 52.00
6118 111.57
6119 57.50
6120 131.00
6121 7.00
6122 141.50
6123 80.33
6124 48.00
6126 41.00
6127 1.00
6128 159.00
6129 89.50
6130 69.00
6131 38.33
6132 302.00
6133 236.00
6134 101.50
6136 176.50
6137 80.00
6138 75.67
6139 71.00
6140 123.00
6141 14.00
6142 50.00
6143 86.50
6144 84.50
6145 143.50
6146 149.50
6147 151.00
6148 13.00
6149 134.33
6150 54.00
6151 171.00
6152 69.00
6153 33.00
6154 31.00
6155 84.00
6156 107.00
6157 23.00
6159 77.00
6160 40.33
6161 45.00
6162 51.50
6163 39.00
6164 26.00
6165 115.00
6167 85.25
6168 89.33
6169 80.00
6170 71.00
6171 121.00
6172 446.00
6173 188.00
6174 10.00
6175 102.40
6178 52.00
6179 32.50
6180 36.67
6181 53.00
6182 88.00
6183 251.00
6185 37.00
6187 25.50
6188 92.00
6189 69.50
6190 33.33
6191 197.00
6192 35.00
6193 59.00
6194 78.50
6195 22.00
6197 16.50
6198 39.00
6199 164.00
6200 147.50
6201 8.00
6202 39.00
6203 115.00
6204 183.00
6205 257.50
6206 14.50
6207 36.67
6208 34.00
6209 47.50
6210 116.00
6212 34.50
6213 69.00
6214 50.00
6216 140.33
6217 126.33
6218 108.00
6219 95.75
6220 105.60
6221 86.00
6222 199.00
6223 82.00
6224 100.50
6225 36.00
6226 142.00
6228 56.00
6229 48.00
6231 39.00
6232 93.00
6233 35.00
6234 43.50
6235 207.00
6237 106.00
6238 74.50
6239 57.17
6240 57.00
6241 130.60
6242 71.40
6243 123.00
6244 54.50
6245 104.00
6246 88.00
6247 97.33
6248 23.00
6249 13.00
6250 4.00
6251 25.20
6252 28.00
6253 39.00
6254 81.00
6255 37.67
6256 105.00
6257 96.50
6258 98.00
6259 49.33
6260 235.33
6261 83.00
6263 52.00
6264 48.00
6265 206.00
6267 171.00
6268 115.25
6269 62.67
6270 32.00
6271 105.33
6272 15.00
6273 63.75
6274 15.00
6275 36.50
6276 32.50
6277 42.80
6278 158.50
6279 92.00
6280 26.00
6281 37.00
6282 26.67
6283 168.20
6284 106.67
6285 40.00
6286 77.67
6287 115.00
6288 27.00
6289 116.33
6290 107.50
6291 7.67
6293 31.00
6295 16.33
6296 73.00
6298 26.00
6299 25.50
6300 43.00
6301 76.50
6302 135.00
6303 38.50
6305 51.67
6307 115.75
6308 33.67
6309 111.33
6310 49.00
6311 4.00
6313 52.00
6314 84.50
6315 115.40
6316 72.00
6317 66.33
6318 93.50
6319 24.00
6321 89.00
6322 88.00
6323 128.50
6324 225.00
6325 25.67
6326 108.00
6327 36.00
6328 56.00
6329 82.33
6330 313.00
6331 31.50
6332 118.67
6333 37.00
6334 93.00
6336 104.00
6337 39.00
6338 176.00
6340 15.50
6341 51.50
6343 103.50
6344 132.00
6345 66.00
6346 106.50
6347 2.00
6348 105.00
6349 57.00
6353 54.00
6354 159.00
6355 110.00
6356 59.50
6357 115.00
6358 124.00
6359 89.50
6360 10.00
6361 64.00
6362 64.00
6363 35.00
6364 140.00
6365 121.50
6368 47.00
6369 119.33
6370 56.50
6371 153.00
6372 32.25
6373 94.00
6374 50.33
6376 48.00
6377 155.50
6378 260.00
6379 31.00
6381 20.00
6382 126.00
6383 28.00
6384 113.50
6385 59.00
6386 38.00
6387 6.00
6388 82.67
6389 46.00
6390 69.00
6393 97.50
6395 13.00
6396 79.75
6398 75.67
6399 54.40
6400 118.33
6401 169.00
6402 34.00
6403 49.00
6404 11.00
6405 90.50
6406 383.00
6407 26.00
6408 122.00
6409 116.00
6410 109.50
6411 15.33
6412 115.25
6413 94.50
6414 147.25
6415 108.00
6416 65.50
6417 100.00
6418 46.50
6419 33.00
6420 105.00
6421 33.00
6422 150.25
6423 77.80
6424 116.00
6425 161.00
6426 177.33
6427 68.50
6428 28.00
6429 169.50
6430 58.00
6431 64.00
6432 98.00
6433 201.50
6434 270.00
6436 151.50
6439 36.00
6440 82.00
6441 43.50
6442 141.80
6443 102.00
6444 120.00
6445 74.50
6446 42.50
6447 48.00
6448 17.00
6449 86.75
6450 128.00
6453 14.00
6454 261.50
6455 105.75
6456 273.00
6457 110.50
6458 12.67
6459 61.33
6460 247.00
6461 78.00
6462 4.50
6463 60.67
6464 63.00
6465 105.00
6466 13.00
6469 147.00
6470 74.50
6471 111.33
6472 37.00
6473 37.00
6474 16.00
6475 236.00
6476 115.50
6477 161.00
6479 77.00
6481 141.50
6482 208.50
6483 68.25
6484 51.00
6485 49.67
6486 148.00
6487 103.50
6488 74.75
6489 127.00
6490 55.00
6491 43.67
6492 4.00
6493 117.50
6494 26.00
6495 68.50
6496 4.00
6497 61.00
6498 20.00
6499 34.00
6500 35.00
6501 53.00
6502 144.71
6503 165.00
6504 112.50
6505 137.00
6506 36.00
6508 68.00
6509 27.50
6510 146.50
6511 78.00
6512 42.33
6513 54.00
6514 65.33
6515 103.67
6516 78.00
6517 52.00
6518 66.67
6520 235.00
6521 16.50
6522 92.67
6523 309.00
6524 65.86
6525 49.00
6526 59.50
6527 6.00
6529 2.00
6530 92.00
6531 23.25
6532 73.17
6533 48.00
6534 124.50
6535 126.67
6537 90.00
6538 117.00
6539 213.00
6540 93.00
6541 74.00
6542 4.00
6543 72.50
6544 73.50
6545 89.00
6547 90.00
6549 142.50
6550 189.00
6551 29.50
6553 62.00
6555 78.75
6556 102.86
6557 72.00
6559 74.50
6561 52.20
6562 145.00
6563 169.00
6564 42.33
6565 26.33
6566 75.80
6567 124.50
6568 92.00
6569 89.67
6570 21.80
6571 211.00
6572 115.00
6573 77.00
6574 151.00
6576 66.75
6578 76.00
6580 103.00
6581 69.00
6582 34.00
6583 96.00
6584 56.00
6585 59.00
6586 98.50
6587 112.00
6591 80.50
6592 450.00
6594 77.00
6595 102.25
6596 104.50
6597 76.50
6598 141.50
6599 138.67
6600 6.00
6601 43.00
6602 24.00
6603 151.00
6604 113.50
6605 197.25
6607 119.00
6608 402.00
6609 71.00
6611 56.00
6612 131.50
6613 70.00
6614 105.25
6615 83.00
6616 42.00
6618 55.00
6619 34.00
6620 82.00
6621 108.50
6622 81.50
6623 41.67
6624 151.00
6625 19.00
6626 17.50
6627 137.33
6628 12.00
6630 2.00
6631 121.00
6632 64.00
6634 51.67
6635 261.50
6636 41.00
6637 130.33
6638 119.25
6639 51.67
6641 40.50
6643 30.50
6645 55.00
6646 6.00
6647 58.33
6648 45.75
6649 75.00
6650 35.00
6651 113.00
6652 80.50
6653 91.67
6655 140.00
6657 50.50
6658 144.00
6659 150.00
6660 129.00
6662 95.67
6663 12.50
6664 33.00
6665 5.00
6666 147.50
6667 83.00
6668 78.50
6669 44.50
6670 107.67
6671 110.00
6672 182.00
6673 76.00
6674 372.00
6675 62.00
6676 163.50
6677 54.50
6678 58.33
6679 31.50
6680 23.33
6681 72.50
6685 92.00
6686 106.00
6687 148.50
6688 108.00
6689 212.00
6690 65.00
6691 78.50
6692 149.00
6693 109.50
6694 53.50
6695 53.75
6696 117.67
6698 123.00
6699 89.00
6700 13.00
6701 87.00
6703 70.00
6704 211.00
6705 97.56
6706 57.00
6707 18.00
6708 12.00
6709 52.75
6710 107.00
6711 29.00
6712 51.67
6714 14.00
6715 9.00
6716 0.00
6717 81.00
6719 143.25
6720 81.50
6721 128.00
6722 49.40
6723 29.50
6724 89.00
6725 50.67
6726 104.33
6727 21.00
6728 143.33
6729 47.00
6730 212.50
6731 240.50
6732 85.25
6734 104.33
6736 38.00
6738 212.00
6739 10.00
6740 70.00
6741 168.50
6742 65.67
6744 160.00
6745 133.33
6746 63.60
6748 86.50
6749 60.50
6750 122.00
6751 53.33
6752 44.75
6753 9.67
6754 79.00
6756 114.00
6758 95.75
6759 36.00
6760 112.67
6761 91.00
6764 53.00
6766 35.33
6767 187.00
6768 60.67
6769 26.50
6770 25.00
6772 111.00
6773 4.67
6774 180.00
6775 66.50
6776 109.00
6778 65.50
6779 73.00
6780 171.00
6781 66.00
6782 116.67
6783 20.80
6784 38.67
6785 35.00
6786 19.00
6787 14.00
6788 100.00
6789 87.00
6790 23.67
6791 170.00
6792 12.00
6793 102.00
6794 129.00
6795 35.00
6796 95.00
6797 32.25
6798 135.50
6799 42.00
6800 135.67
6801 111.33
6803 47.33
6804 61.00
6807 25.00
6808 196.50
6809 155.50
6810 85.00
6811 71.60
6812 7.50
6813 21.00
6814 98.43
6815 88.50
6816 71.25
6818 30.67
6819 51.33
6820 287.00
6821 77.00
6822 108.00
6823 189.00
6824 91.80
6825 53.50
6826 78.50
6827 15.00
6828 96.00
6829 131.50
6830 76.00
6831 72.00
6832 95.00
6833 107.20
6834 76.00
6835 161.00
6836 63.00
6837 37.33
6838 140.67
6839 41.00
6840 77.75
6841 36.00
6842 80.33
6844 30.50
6845 101.80
6846 69.00
6847 151.67
6848 67.00
6849 53.33
6850 55.00
6851 61.00
6852 30.00
6853 25.00
6854 36.67
6855 241.00
6856 42.75
6857 50.00
6858 51.00
6859 83.75
6860 101.67
6861 6.00
6862 125.00
6863 128.33
6864 29.67
6865 51.75
6866 98.33
6867 14.00
6868 15.00
6869 110.67
6870 13.00
6871 114.67
6872 135.00
6874 178.67
6875 84.00
6876 84.50
6877 59.67
6878 101.00
6880 104.40
6881 86.00
6882 85.33
6883 105.80
6885 94.67
6886 52.00
6887 49.25
6888 155.00
6889 4.00
6890 3.00
6891 68.25
6893 41.00
6894 121.00
6895 2.00
6896 46.00
6897 66.25
6898 241.50
6899 15.00
6900 54.50
6901 11.00
6902 235.33
6903 106.00
6904 36.67
6905 24.00
6906 58.33
6907 46.00
6908 103.00
6909 85.00
6911 211.00
6912 154.00
6914 50.67
6915 65.00
6916 67.00
6917 38.75
6918 17.00
6920 99.33
6922 84.60
6925 114.33
6926 39.00
6927 40.50
6929 62.33
6931 78.67
6932 100.00
6933 289.00
6934 16.00
6936 140.00
6937 24.00
6938 111.00
6940 15.00
6941 135.00
6942 132.00
6943 32.60
6944 213.67
6945 41.33
6946 67.33
6947 86.40
6948 13.00
6949 61.00
6950 23.50
6951 89.50
6953 82.00
6954 106.00
6955 126.50
6956 98.00
6957 8.50
6960 65.00
6961 41.50
6962 81.00
6963 156.00
6964 88.50
6965 59.00
6966 1.00
6967 83.67
6968 117.00
6969 59.50
6970 87.50
6971 136.50
6972 74.00
6973 47.67
6974 60.00
6975 50.67
6976 10.00
6977 42.33
6978 81.71
6980 131.50
6982 102.83
6983 38.33
6984 79.25
6987 178.50
6988 89.25
6989 130.00
6990 71.33
6991 83.75
6993 461.00
6994 129.00
6995 150.00
6996 86.00
6997 77.00
6998 53.00
6999 93.00
7000 50.83
7002 63.00
7003 9.00
7004 95.00
7005 40.00
7006 83.00
7007 7.00
7008 62.50
7009 160.00
7010 6.00
7011 37.00
7012 202.00
7013 215.00
7015 291.00
7016 67.40
7017 130.00
7018 78.00
7020 42.00
7021 35.00
7022 126.00
7023 66.00
7024 123.00
7025 35.67
7026 94.50
7027 50.00
7028 28.00
7029 112.75
7030 59.33
7031 68.00
7032 56.00
7033 339.00
7034 54.67
7035 39.00
7036 194.00
7037 162.67
7038 96.67
7039 38.67
7040 130.00
7041 42.50
7042 130.00
7043 237.00
7044 38.00
7045 44.00
7046 159.00
7047 61.67
7048 59.00
7049 15.50
7050 93.00
7051 68.00
7052 123.67
7053 66.00
7054 71.50
7055 101.00
7056 98.33
7058 103.00
7059 47.00
7061 81.00
7062 89.50
7064 108.00
7065 141.50
7066 35.00
7067 43.00
7069 76.50
7070 6.50
7071 122.00
7072 82.00
7075 168.33
7076 151.50
7077 126.00
7078 38.75
7079 68.75
7080 175.67
7081 85.00
7082 196.25
7083 71.00
7084 53.00
7085 121.50
7086 35.50
7088 102.20
7089 72.00
7090 106.00
7091 78.67
7092 30.50
7093 231.67
7094 123.00
7095 55.00
7097 86.50
7098 30.00
7099 40.50
7100 121.75
7102 96.75
7103 233.00
7105 50.50
7106 9.00
7107 107.00
7108 22.00
7110 64.00
7111 26.50
7112 29.50
7113 41.00
7114 63.75
7115 30.33
7117 47.50
7118 41.75
7119 143.25
7121 18.00
7122 157.00
7123 122.33
7124 64.50
7125 93.50
7126 25.75
7127 25.00
7128 37.50
7129 106.80
7130 145.00
7131 124.25
7132 47.00
7133 82.00
7134 74.00
7135 63.00
7136 45.50
7137 89.50
7138 19.00
7139 43.75
7140 125.75
7142 76.00
7143 135.00
7144 100.00
7145 13.00
7146 9.50
7147 55.33
7148 68.75
7149 99.00
7150 36.00
7151 73.00
7152 133.20
7153 28.00
7154 51.50
7155 123.20
7157 22.00
7158 149.50
7159 381.00
7160 65.33
7161 52.00
7162 105.67
7163 92.00
7165 184.00
7166 38.00
7167 230.00
7168 95.00
7169 41.50
7170 72.00
7171 25.00
7173 109.50
7174 91.50
7175 154.50
7176 124.40
7177 2.00
7178 89.00
7179 8.00
7180 114.00
7181 40.25
7182 97.00
7183 85.00
7184 73.50
7185 24.50
7186 40.00
7187 259.00
7188 70.67
7189 32.75
7191 68.00
7192 90.00
7194 136.75
7196 58.00
7197 65.00
7198 161.00
7199 52.00
7200 91.00
7201 55.00
7202 226.50
7203 90.33
7204 37.00
7205 56.00
7207 68.00
7208 120.33
7209 15.00
7211 70.00
7212 94.00
7215 44.75
7216 83.00
7217 178.25
7218 65.67
7219 23.00
7220 47.00
7221 33.83
7224 125.50
7225 96.00
7226 26.00
7228 53.67
7229 96.00
7230 38.00
7231 66.67
7232 51.50
7234 57.50
7235 64.00
7236 2.00
7237 41.00
7238 255.00
7239 125.67
7240 81.00
7241 79.00
7245 22.67
7246 81.00
7247 26.00
7248 43.00
7249 81.75
7250 122.00
7251 60.00
7253 6.00
7256 82.00
7257 99.50
7259 38.00
7261 60.50
7262 40.83
7263 126.75
7264 19.00
7265 257.00
7267 46.00
7268 29.00
7269 75.00
7273 78.67
7274 66.00
7276 109.50
7277 87.67
7278 7.00
7279 220.50
7280 35.50
7281 164.00
7282 48.00
7284 85.00
7285 77.75
7286 51.25
7287 34.00
7288 28.00
7289 46.00
7290 5.00
7291 23.00
7292 257.00
7293 8.00
7294 15.33
7295 207.00
7298 62.50
7299 120.00
7300 201.50
7301 38.00
7302 136.00
7303 66.00
7304 74.50
7305 73.00
7307 99.60
7308 27.50
7309 53.50
7310 56.00
7311 45.50
7312 102.00
7313 41.00
7314 110.00
7315 87.50
7316 9.00
7317 38.00
7318 69.33
7319 11.00
7320 64.25
7321 50.40
7322 59.00
7323 111.00
7324 162.33
7325 12.00
7326 101.00
7327 36.50
7329 26.00
7330 49.00
7331 48.00
7332 54.50
7333 69.83
7334 112.75
7335 84.25
7336 22.00
7337 76.00
7338 13.00
7339 55.00
7340 42.00
7341 102.67
7344 76.25
7346 185.00
7347 31.67
7348 67.00
7349 39.50
7350 35.00
7351 40.50
7352 195.67
7353 34.67
7354 93.00
7358 94.33
7359 12.00
7360 86.25
7361 75.00
7362 89.00
7363 26.00
7364 63.00
7365 27.00
7366 34.50
7367 142.00
7368 87.67
7369 35.33
7371 41.00
7372 236.67
7373 60.33
7374 119.00
7375 184.00
7376 44.00
7377 32.67
7378 3.00
7379 137.50
7380 44.00
7381 54.00
7382 106.00
7383 47.33
7384 103.25
7385 157.50
7386 68.67
7387 86.00
7388 99.50
7389 108.00
7390 50.00
7391 31.50
7392 36.25
7393 21.00
7394 54.33
7395 153.33
7396 45.00
7397 205.00
7398 17.00
7399 65.00
7402 124.67
7403 52.50
7404 248.00
7405 17.50
7406 27.00
7407 59.00
7408 197.00
7409 93.33
7410 40.00
7411 193.00
7412 9.00
7413 165.50
7415 67.40
7416 44.00
7417 75.00
7418 94.00
7419 9.00
7420 132.33
7421 81.00
7422 208.00
7424 170.00
7425 29.00
7426 63.00
7427 112.00
7428 252.50
7429 92.00
7430 20.00
7431 59.00
7432 2.00
7433 167.67
7434 151.50
7435 176.67
7436 201.00
7437 88.00
7438 99.00
7440 85.75
7441 228.00
7442 9.00
7444 62.50
7445 171.67
7446 88.50
7447 253.00
7448 32.50
7449 149.00
7450 38.33
7451 59.60
7452 48.00
7453 13.00
7455 60.00
7456 18.67
7457 42.33
7458 70.00
7459 72.00
7460 18.00
7461 41.00
7462 11.00
7463 5.00
7464 137.00
7465 197.00
7466 72.00
7467 25.00
7468 92.67
7469 2.00
7470 39.00
7471 127.60
7472 18.50
7473 82.00
7474 43.00
7476 58.33
7477 75.00
7479 49.00
7480 113.50
7481 137.33
7482 76.17
7483 61.50
7484 90.67
7485 26.50
7486 254.00
7487 68.00
7489 78.50
7490 240.50
7493 73.67
7494 35.40
7495 136.40
7496 74.67
7498 6.00
7499 40.00
7500 21.00
7501 53.00
7502 18.00
7503 150.71
7504 144.50
7505 195.50
7506 29.00
7507 273.00
7508 136.00
7509 26.50
7510 36.50
7512 32.00
7513 66.00
7515 69.50
7516 64.00
7517 60.00
7518 75.67
7519 30.00
7521 78.67
7522 122.00
7523 37.75
7524 79.00
7525 44.00
7526 22.00
7527 92.67
7528 49.00
7529 12.00
7531 34.00
7532 94.75
7533 100.00
7534 27.50
7535 30.00
7536 74.00
7537 108.00
7538 237.00
7539 127.00
7540 33.00
7541 29.00
7542 32.00
7543 40.60
7544 131.00
7545 73.50
7548 23.00
7549 84.00
7551 137.50
7552 33.33
7554 70.00
7555 63.50
7556 20.00
7557 188.00
7558 156.00
7559 22.00
7560 108.00
7561 42.50
7563 49.00
7564 64.00
7565 19.00
7567 75.00
7569 53.33
7570 167.00
7571 98.50
7572 61.00
7573 129.67
7574 57.33
7575 105.00
7576 25.00
7577 104.00
7578 79.50
7579 51.50
7580 80.67
7581 76.00
7582 110.00
7583 25.50
7584 3.00
7585 36.00
7586 101.50
7587 49.00
7588 41.50
7589 73.00
7590 200.00
7591 195.33
7592 57.00
7593 130.00
7594 45.00
7595 114.60
7596 106.50
7597 83.50
7599 140.67
7600 54.00
7604 25.75
7605 54.00
7606 5.00
7607 280.00
7608 33.50
7609 12.00
7610 36.00
7613 69.50
7614 84.00
7615 47.00
7616 180.50
7617 31.50
7618 61.50
7619 214.00
7620 43.50
7621 105.00
7622 42.00
7623 33.40
7624 47.00
7625 33.50
7627 49.00
7628 127.00
7629 5.00
7630 131.00
7632 46.50
7633 30.25
7634 41.50
7635 37.50
7636 62.00
7637 144.00
7638 46.00
7640 149.50
7642 117.00
7643 116.33
7644 8.00
7645 142.33
7646 95.00
7647 103.67
7648 146.50
7649 91.00
7650 133.17
7652 262.00
7653 68.50
7654 50.00
7655 67.00
7656 13.00
7659 3.00
7660 84.67
7662 63.50
7663 108.60
7664 97.25
7665 150.00
7666 126.67
7667 114.67
7668 112.00
7669 110.75
7670 57.50
7671 243.00
7672 110.67
7673 90.20
7674 62.33
7675 20.00
7676 17.00
7677 88.00
7680 143.00
7681 119.00
7682 167.00
7683 103.67
7684 33.50
7685 49.00
7687 28.33
7688 78.50
7689 66.60
7690 38.50
7691 56.33
7692 60.50
7693 243.00
7694 21.50
7695 188.00
7697 65.50
7698 120.50
7700 39.50
7701 11.33
7702 56.00
7703 222.00
7704 43.00
7705 56.33
7706 74.00
7708 84.00
7710 49.00
7711 88.00
7712 138.00
7713 34.50
7714 4.00
7715 35.00
7717 81.00
7718 68.75
7719 91.00
7720 83.00
7721 42.00
7722 41.00
7724 39.50
7726 11.00
7727 70.20
7728 176.33
7729 100.40
7730 72.50
7731 103.60
7732 57.00
7733 62.67
7734 39.00
7736 22.50
7737 29.50
7738 146.00
7739 75.00
7740 80.33
7741 22.75
7742 99.00
7744 418.00
7745 99.00
7746 51.00
7747 71.67
7748 71.00
7749 69.00
7750 76.00
7751 66.50
7752 49.60
7754 79.00
7755 64.00
7756 28.50
7757 262.00
7758 89.00
7759 89.00
7760 94.00
7761 133.50
7762 69.67
7763 149.00
7764 138.00
7765 27.33
7766 23.00
7767 90.50
7768 97.00
7770 104.00
7771 322.50
7772 8.00
7774 48.00
7775 86.20
7777 46.50
7778 11.00
7779 48.00
7780 74.33
7781 47.00
7782 117.33
7783 76.00
7784 20.00
7786 160.00
7788 125.00
7789 95.75
7790 122.50
7791 54.33
7792 146.50
7793 50.50
7794 86.00
7795 141.50
7796 160.75
7797 95.50
7798 122.00
7799 82.00
7800 86.00
7801 17.50
7802 132.67
7803 75.50
7804 23.00
7805 69.50
7806 81.33
7807 20.00
7808 29.50
7809 154.50
7810 86.40
7812 81.00
7814 118.00
7815 55.00
7817 32.00
7818 84.00
7819 30.00
7820 26.50
7821 64.00
7822 38.00
7823 19.00
7824 120.33
7825 83.00
7826 247.00
7827 23.00
7828 71.57
7829 209.00
7830 127.50
7831 183.00
7832 39.33
7833 75.25
7834 95.00
7835 85.67
7837 54.00
7838 78.75
7839 20.50
7840 9.00
7841 26.00
7842 14.00
7843 330.00
7844 291.00
7845 94.67
7846 336.00
7847 176.00
7848 115.00
7849 150.50
7850 46.00
7851 29.50
7852 28.60
7854 42.20
7855 22.00
7856 109.00
7857 72.00
7858 29.50
7859 61.00
7860 69.00
7861 61.67
7863 40.00
7864 38.00
7865 174.00
7866 42.50
7867 145.00
7868 70.33
7869 73.25
7870 90.33
7871 100.00
7872 62.00
7873 56.75
7874 82.33
7875 108.50
7876 87.00
7878 83.67
7879 52.00
7880 284.00
7881 63.75
7882 89.00
7883 52.00
7884 9.00
7885 70.50
7886 97.50
7888 34.00
7890 26.33
7891 39.00
7892 100.00
7893 14.00
7894 98.33
7896 96.00
7897 79.33
7898 86.00
7899 89.00
7900 48.00
7901 105.00
7902 38.33
7903 39.00
7904 161.50
7905 166.33
7906 214.00
7907 64.50
7908 64.00
7909 210.00
7910 54.00
7911 59.50
7912 63.50
7913 55.00
7914 59.00
7915 101.50
7916 64.00
7917 286.00
7919 114.00
7920 101.00
7921 30.00
7922 74.25
7923 95.00
7924 104.00
7925 241.00
7926 58.50
7927 14.50
7928 267.50
7929 171.20
7930 32.25
7931 105.00
7932 36.50
7933 39.50
7935 51.40
7936 171.67
7938 252.67
7939 38.00
7940 108.50
7941 72.67
7942 96.00
7943 31.00
7944 89.50
7945 59.00
7947 71.00
7948 25.00
7949 7.00
7950 255.00
7951 142.00
7952 85.00
7953 47.00
7956 42.75
7959 118.67
7960 51.00
7961 32.50
7962 78.00
7963 82.00
7965 79.50
7966 54.50
7967 111.00
7968 62.00
7969 73.75
7971 174.00
7972 35.00
7973 67.00
7974 39.50
7975 54.00
7977 106.00
7978 60.00
7979 118.00
7980 61.00
7981 28.00
7982 53.00
7983 43.00
7984 28.00
7985 72.33
7986 106.00
7987 76.67
7988 178.00
7989 212.00
7990 83.40
7991 108.80
7992 93.33
7994 35.00
7995 142.33
7996 71.00
7998 71.00
7999 86.00
8000 103.50
8001 94.00
8002 28.00
8003 85.00
8004 88.00
8005 95.60
8007 44.00
8008 24.00
8010 45.00
8011 112.25
8012 15.00
8013 215.00
8014 41.00
8016 108.33
8017 64.60
8021 66.00
8022 9.67
8023 69.75
8024 118.00
8026 73.33
8027 100.67
8028 25.00
8030 127.00
8031 116.00
8032 24.00
8033 28.25
8034 121.40
8035 76.00
8036 86.00
8038 51.00
8039 92.00
8040 58.50
8041 24.00
8042 320.00
8043 20.00
8044 52.00
8045 89.50
8046 25.00
8047 60.25
8048 94.67
8049 82.33
8050 31.00
8051 41.00
8052 131.00
8053 118.00
8054 146.50
8055 31.33
8056 57.50
8057 120.00
8059 30.67
8060 80.50
8062 40.00
8063 194.00
8064 90.67
8065 95.50
8066 78.00
8067 90.83
8068 66.40
8069 91.33
8070 226.00
8071 49.50
8072 126.00
8073 44.00
8074 76.00
8076 49.00
8077 42.00
8078 116.00
8079 78.67
8080 44.00
8081 89.00
8082 139.25
8083 32.00
8084 87.00
8085 62.00
8086 251.00
8087 37.75
8088 86.50
8089 197.00
8090 48.50
8091 152.50
8092 31.67
8093 219.00
8094 19.67
8096 33.00
8097 241.00
8098 62.00
8099 70.00
8100 232.00
8101 275.00
8102 58.00
8103 12.33
8104 3.00
8105 269.00
8106 122.33
8107 12.00
8108 39.33
8109 130.50
8110 33.00
8112 19.00
8113 120.25
8114 32.00
8115 75.00
8116 83.00
8117 58.00
8118 0.00
8119 92.33
8120 67.00
8121 59.25
8122 98.40
8123 135.00
8125 31.00
8126 57.67
8127 20.00
8129 61.50
8130 32.00
8131 152.00
8132 27.33
8133 78.00
8134 139.50
8135 100.00
8136 102.00
8138 80.00
8139 151.00
8140 37.80
8141 204.00
8143 146.00
8144 80.00
8145 7.25
8146 95.50
8147 109.33
8148 31.67
8149 64.50
8150 98.00
8151 41.17
8152 116.00
8153 132.33
8155 24.25
8156 53.33
8157 17.50
8158 174.00
8159 99.00
8160 5.50
8161 190.75
8162 72.67
8163 153.80
8164 34.00
8165 135.33
8166 103.33
8167 95.00
8168 120.00
8170 193.33
8171 238.00
8172 32.33
8173 106.00
8174 69.67
8176 326.00
8177 54.33
8178 116.00
8179 49.50
8180 49.00
8182 58.50
8184 12.00
8185 104.25
8186 41.00
8188 44.50
8189 55.00
8190 172.00
8192 66.00
8193 37.67
8194 97.00
8195 118.25
8196 85.00
8197 60.33
8198 29.00
8201 58.25
8202 6.00
8203 63.50
8205 103.00
8206 31.50
8207 6.00
8208 87.50
8209 70.00
8211 55.33
8212 64.25
8213 154.00
8214 68.75
8215 163.00
8216 69.00
8217 35.00
8218 47.50
8220 106.00
8221 34.60
8222 37.00
8223 37.00
8224 53.33
8225 57.00
8227 135.33
8228 72.00
8229 96.00
8230 87.00
8231 52.00
8232 73.00
8233 209.00
8234 22.50
8235 41.75
8236 61.33
8237 46.50
8238 118.29
8239 20.00
8240 45.50
8241 23.00
8242 53.25
8243 98.00
8244 43.00
8245 70.00
8246 19.00
8247 47.00
8248 53.00
8249 120.67
8250 55.33
8251 104.60
8252 56.20
8253 39.33
8254 66.00
8255 59.50
8256 49.00
8257 169.33
8258 113.33
8259 28.00
8260 91.67
8261 76.67
8263 54.00
8264 55.00
8265 164.00
8266 114.50
8267 96.00
8268 54.67
8269 163.00
8270 134.50
8271 45.00
8272 40.00
8273 187.00
8274 36.00
8275 64.75
8276 64.00
8277 167.25
8278 127.00
8279 70.50
8281 115.00
8282 63.50
8283 49.50
8284 152.67
8285 205.50
8286 101.50
8287 100.00
8288 107.33
8289 54.50
8290 77.00
8291 44.25
8292 26.50
8293 17.00
8294 38.75
8295 94.00
8296 16.00
8297 109.67
8298 46.00
8299 82.80
8300 123.00
8301 41.00
8302 54.00
8303 48.50
8304 47.33
8305 96.17
8306 54.50
8307 37.40
8308 118.67
8309 230.00
8312 74.50
8313 33.14
8314 112.50
8316 4.00
8317 97.00
8318 28.00
8319 78.00
8320 96.40
8322 119.60
8323 19.00
8324 14.00
8326 25.67
8327 143.00
8328 25.00
8329 15.00
8330 139.50
8331 59.50
8332 48.00
8333 91.00
8334 32.00
8335 127.33
8337 23.00
8338 73.00
8339 77.00
8340 65.00
8341 97.00
8342 105.00
8344 55.00
8345 26.00
8346 105.00
8347 162.50
8349 58.00
8350 255.00
8351 115.00
8352 126.60
8353 136.00
8354 46.67
8355 81.50
8356 95.50
8357 248.00
8358 43.50
8360 34.33
8361 37.00
8362 178.50
8363 88.00
8364 107.00
8365 32.50
8366 65.33
8367 52.00
8368 55.00
8369 118.00
8370 136.00
8371 42.00
8372 7.50
8373 49.33
8374 421.00
8375 15.00
8376 43.00
8377 178.33
8378 101.50
8379 33.50
8381 143.25
8383 57.67
8384 57.00
8385 54.00
8386 14.00
8387 56.00
8389 32.25
8390 41.00
8391 53.50
8392 100.00
8393 42.50
8394 65.50
8395 51.25
8396 63.00
8397 138.50
8398 245.50
8399 44.29
8400 178.00
8401 50.00
8403 48.50
8404 23.00
8405 51.50
8406 27.00
8408 198.50
8409 118.00
8410 56.00
8411 204.50
8412 36.00
8413 25.75
8414 5.50
8415 49.00
8416 108.00
8418 62.00
8419 131.00
8420 125.25
8421 187.00
8422 126.50
8423 42.50
8424 203.00
8425 111.50
8426 98.50
8427 43.00
8428 35.00
8429 60.00
8430 72.75
8431 83.00
8432 51.50
8433 120.50
8434 87.67
8435 43.00
8436 131.50
8437 119.75
8438 13.50
8439 48.50
8440 212.00
8441 45.00
8442 115.00
8443 145.00
8444 151.50
8445 135.33
8446 49.00
8448 75.00
8449 71.00
8450 95.67
8451 54.50
8452 36.00
8453 130.00
8454 43.00
8455 22.00
8456 51.00
8457 179.75
8458 47.50
8460 47.00
8461 200.00
8462 54.00
8463 53.00
8464 15.50
8465 68.00
8466 32.00
8467 69.50
8468 194.00
8469 16.50
8470 13.00
8471 8.00
8472 74.50
8473 237.00
8474 76.50
8476 59.00
8479 64.00
8480 15.00
8481 85.33
8482 22.00
8483 147.00
8485 48.00
8487 23.00
8488 80.25
8489 13.50
8490 85.25
8492 221.00
8493 49.50
8494 53.00
8496 43.25
8497 99.33
8499 93.00
8500 71.00
8501 85.00
8502 90.00
8503 52.17
8504 11.50
8505 114.33
8506 21.67
8507 19.00
8508 26.00
8509 40.75
8510 6.00
8511 34.00
8512 41.50
8513 74.50
8514 237.67
8515 50.50
8516 1.00
8517 55.40
8518 175.50
8519 150.00
8521 29.00
8522 62.00
8523 83.50
8525 33.00
8527 5.00
8529 117.25
8530 51.00
8531 32.00
8532 107.50
8533 1.00
8534 193.75
8535 166.00
8536 42.00
8537 81.00
8538 68.50
8539 12.00
8540 53.00
8541 140.50
8542 37.67
8543 51.50
8544 47.67
8545 88.00
8546 96.00
8547 55.00
8548 100.00
8549 81.00
8550 18.00
8551 53.25
8552 108.00
8553 29.50
8554 84.75
8556 77.33
8557 28.00
8558 41.00
8559 76.20
8560 60.33
8561 57.00
8562 29.00
8563 24.50
8564 42.50
8565 169.25
8566 129.33
8567 69.25
8568 28.00
8571 85.80
8573 77.60
8574 7.00
8575 93.00
8576 58.33
8577 37.00
8578 109.00
8579 25.50
8580 209.00
8581 90.67
8582 59.00
8583 21.00
8584 99.50
8585 77.00
8586 95.67
8587 96.75
8588 37.50
8590 108.00
8592 98.00
8593 97.33
8594 146.67
8596 194.50
8597 181.67
8598 18.00
8599 22.00
8600 30.00
8602 63.50
8603 67.80
8604 26.50
8605 6.00
8606 124.00
8607 60.00
8608 102.00
8610 240.00
8611 74.50
8612 71.00
8613 63.00
8615 118.25
8616 27.67
8617 50.00
8620 166.00
8621 64.00
8623 3.00
8624 72.67
8625 93.50
8626 59.50
8627 171.00
8628 31.50
8629 285.00
8630 125.00
8631 58.00
8633 42.25
8634 7.00
8635 62.00
8636 457.00
8637 116.00
8638 10.00
8639 69.00
8640 96.50
8641 58.00
8642 12.00
8643 52.00
8644 72.50
8645 34.80
8646 54.00
8647 182.67
8648 12.25
8649 77.00
8650 129.25
8651 58.00
8652 100.00
8653 395.00
8654 79.00
8655 41.00
8656 67.00
8657 38.00
8658 73.50
8659 43.00
8660 44.00
8661 297.00
8662 53.50
8663 100.50
8664 239.00
8667 23.00
8668 22.00
8669 52.00
8670 14.00
8671 60.60
8672 21.50
8673 42.25
8674 79.00
8675 229.50
8676 35.25
8677 74.00
8678 44.00
8680 25.33
8681 140.25
8682 44.00
8683 89.50
8684 33.33
8685 73.00
8686 43.00
8687 12.50
8689 89.00
8690 60.00
8691 111.33
8692 215.00
8693 67.00
8694 71.00
8695 76.50
8696 33.67
8697 33.00
8699 240.50
8701 65.00
8702 17.00
8703 65.75
8704 245.00
8706 95.00
8707 97.50
8708 218.50
8709 165.00
8710 2.00
8711 231.25
8712 54.50
8713 69.00
8714 87.25
8715 12.50
8716 106.00
8717 58.50
8719 4.00
8720 66.33
8721 33.50
8722 110.00
8723 138.00
8724 35.00
8725 18.00
8726 43.00
8728 88.50
8729 101.67
8730 151.00
8732 69.00
8733 52.00
8734 102.67
8736 12.00
8738 25.00
8739 71.00
8740 36.00
8741 99.00
8742 84.50
8743 250.00
8744 51.00
8745 54.00
8746 30.00
8748 118.00
8749 65.00
8750 102.00
8751 17.50
8752 40.33
8753 103.25
8754 51.00
8755 90.00
8756 138.00
8757 148.00
8758 59.33
8759 23.00
8760 121.50
8761 47.25
8762 164.67
8763 70.50
8764 208.33
8765 27.50
8766 58.67
8767 62.00
8768 16.00
8769 251.00
8770 99.00
8771 178.00
8772 178.00
8773 71.50
8774 10.33
8775 70.00
8776 33.50
8777 79.50
8780 37.67
8781 6.00
8782 130.50
8784 170.00
8785 140.00
8786 105.50
8789 110.80
8790 46.00
8791 67.67
8792 143.50
8793 39.00
8794 60.00
8795 35.00
8796 16.00
8797 56.75
8798 36.00
8799 68.00
8800 46.00
8801 54.00
8802 56.00
8803 120.67
8805 45.00
8806 129.00
8807 84.33
8808 238.00
8809 5.00
8811 153.67
8813 100.00
8815 46.00
8816 96.00
8817 115.50
8818 65.00
8820 64.33
8822 65.33
8824 73.00
8825 17.50
8826 86.00
8827 32.50
8828 59.00
8829 130.00
8830 48.00
8831 49.00
8832 33.33
8833 148.50
8834 12.00
8835 125.00
8836 16.00
8837 39.00
8839 99.25
8840 14.00
8841 8.00
8843 30.50
8844 116.25
8845 53.50
8846 156.00
8848 108.00
8849 46.00
8850 92.00
8851 48.00
8852 189.00
8853 62.00
8854 138.00
8856 49.00
8858 60.00
8859 45.50
8860 39.00
8861 17.00
8862 19.00
8864 37.00
8865 110.50
8867 64.00
8868 141.75
8869 5.00
8870 45.67
8871 59.00
8872 63.67
8873 35.33
8874 183.00
8875 51.00
8876 161.50
8877 171.00
8878 61.50
8879 113.25
8880 106.00
8881 97.67
8882 30.00
8883 108.00
8885 124.50
8886 48.00
8887 16.00
8888 123.33
8889 34.33
8891 54.00
8892 133.00
8893 119.50
8894 95.00
8895 53.33
8896 36.00
8897 49.00
8898 40.50
8899 3.00
8900 35.00
8901 33.00
8902 40.00
8903 95.00
8904 69.00
8905 62.33
8906 47.75
8907 74.00
8909 103.00
8910 136.00
8911 175.00
8913 136.50
8914 53.00
8915 99.00
8916 77.00
8917 43.80
8918 25.00
8919 40.75
8920 148.50
8921 176.33
8922 50.00
8923 40.00
8925 109.67
8926 133.75
8927 110.00
8928 93.25
8929 191.00
8930 129.00
8931 25.00
8932 80.00
8933 22.00
8934 68.50
8935 20.00
8936 19.50
8937 86.00
8939 184.00
8940 30.75
8941 114.00
8943 43.50
8944 25.00
8945 85.67
8946 27.60
8947 39.00
8948 88.67
8949 57.00
8950 58.50
8952 21.00
8953 12.00
8954 28.33
8956 99.40
8957 31.00
8958 176.00
8960 46.40
8961 34.00
8962 164.00
8963 60.67
8964 105.00
8965 102.67
8966 9.00
8967 219.00
8968 86.00
8969 148.00
8971 206.00
8972 59.00
8973 221.00
8974 62.00
8976 28.50
8977 98.00
8978 81.50
8980 44.67
8981 35.00
8982 75.50
8983 40.33
8984 172.00
8985 60.00
8986 133.00
8987 19.00
8988 21.00
8989 96.67
8991 58.67
8992 46.67
8993 2.00
8994 60.33
8995 210.50
8996 86.00
8997 28.00
8999 196.33
9000 88.00
9001 17.00
9002 57.00
9003 49.00
9004 48.00
9005 126.00
9007 50.00
9008 5.50
9009 15.50
9010 73.00
9011 204.50
9013 39.00
9014 86.00
9015 66.60
9016 91.00
9017 1.00
9018 31.25
9019 22.00
9020 48.00
9022 277.00
9023 29.00
9025 299.50
9026 48.50
9027 44.00
9028 110.75
9029 44.00
9030 53.00
9033 335.00
9035 29.50
9036 60.50
9037 147.40
9038 67.00
9040 25.00
9042 75.00
9043 43.00
9044 29.00
9046 1.00
9047 33.00
9048 32.50
9049 14.00
9050 36.50
9051 18.00
9052 34.00
9054 41.00
9055 67.00
9056 134.00
9057 55.50
9058 67.00
9059 4.00
9060 74.00
9061 68.00
9062 183.00
9063 216.00
9064 8.00
9065 92.00
9066 131.50
9067 66.50
9068 24.50
9069 40.00
9070 36.00
9071 77.50
9072 157.00
9073 114.20
9074 131.00
9075 39.00
9076 56.00
9077 91.33
9078 43.00
9079 53.00
9080 25.75
9081 150.00
9082 170.67
9083 18.00
9085 41.00
9086 117.00
9087 103.67
9088 22.00
9089 50.00
9090 91.00
9092 53.00
9093 123.00
9095 50.67
9096 62.00
9097 164.00
9098 52.00
9099 80.60
9101 16.00
9102 72.50
9103 55.33
9105 101.00
9107 10.00
9108 93.00
9109 80.20
9110 23.00
9111 137.50
9112 16.50
9113 89.00
9114 114.00
9115 22.00
9116 86.00
9117 84.00
9118 27.00
9119 172.33
9120 54.25
9121 93.33
9122 126.67
9123 61.00
9124 100.00
9127 28.33
9128 17.50
9129 206.00
9130 32.00
9131 40.00
9132 45.00
9133 79.33
9134 139.50
9135 134.50
9137 49.00
9138 2.50
9139 109.50
9140 82.20
9141 60.33
9142 61.00
9144 69.50
9146 80.33
9148 93.25
9149 114.20
9150 156.00
9151 110.25
9152 22.00
9153 7.00
9154 114.75
9155 114.00
9156 38.50
9157 67.00
9158 30.50
9159 136.00
9160 86.00
9161 105.67
9162 30.00
9163 139.00
9164 135.00
9165 81.00
9166 37.00
9167 109.00
9168 59.33
9169 119.75
9170 232.00
9171 151.00
9172 47.00
9173 42.00
9174 2.00
9175 39.67
9176 9.00
9177 104.00
9178 40.00
9179 283.00
9180 131.67
9181 18.00
9182 114.00
9183 25.50
9185 270.00
9186 55.50
9187 52.33
9188 97.00
9189 51.50
9190 71.67
9191 63.50
9192 49.00
9193 54.00
9194 138.00
9196 106.50
9198 100.00
9199 59.00
9201 194.33
9203 29.00
9204 47.00
9205 59.00
9207 62.00
9208 100.00
9209 60.00
9210 145.50
9211 128.33
9213 153.43
9214 73.50
9216 55.00
9217 139.50
9218 10.00
9219 61.50
9220 65.50
9221 156.00
9223 195.50
9224 33.50
9225 123.00
9226 86.33
9227 71.83
9228 100.50
9229 92.50
9230 71.00
9231 29.00
9233 70.50
9234 38.00
9235 167.00
9237 81.33
9238 13.00
9239 218.00
9240 135.50
9241 29.00
9242 109.00
9243 136.00
9244 49.00
9245 35.50
9246 111.00
9247 61.50
9248 24.00
9249 30.00
9250 51.50
9251 73.00
9252 41.50
9253 44.00
9254 16.00
9256 52.50
9257 42.67
9258 100.33
9259 55.00
9260 132.50
9261 46.67
9262 30.00
9263 28.00
9264 106.00
9265 64.00
9266 0.00
9267 119.00
9269 66.00
9271 136.50
9272 119.50
9273 233.00
9274 62.00
9275 37.33
9276 27.00
9277 99.00
9279 80.50
9280 143.67
9281 127.67
9283 52.80
9285 153.75
9286 72.00
9287 50.67
9289 51.33
9290 46.50
9291 71.57
9292 77.50
9293 21.50
9294 46.50
9295 77.25
9296 38.00
9297 47.75
9298 200.00
9300 50.33
9301 88.40
9303 69.00
9305 41.50
9306 68.00
9307 140.50
9308 2.00
9309 4.00
9310 100.00
9311 15.00
9312 88.20
9313 123.33
9314 254.00
9315 231.00
9316 400.00
9317 19.00
9318 51.20
9319 77.50
9320 31.00
9321 124.33
9322 35.00
9323 56.00
9324 102.00
9325 130.00
9326 67.00
9327 154.00
9329 71.50
9331 101.50
9333 51.00
9334 119.00
9335 40.00
9336 195.00
9337 186.50
9338 101.00
9339 49.00
9341 127.67
9343 93.00
9344 115.33
9345 166.00
9346 74.00
9347 205.67
9348 0.00
9349 44.00
9351 9.00
9352 40.00
9353 54.75
9354 113.50
9355 105.00
9356 86.80
9357 76.83
9359 20.50
9360 51.00
9361 238.00
9362 77.67
9363 69.00
9364 152.33
9366 117.80
9367 109.67
9368 46.00
9369 84.80
9370 90.75
9371 28.00
9372 74.50
9373 65.00
9374 136.50
9375 25.00
9376 31.50
9377 146.00
9378 6.00
9381 65.00
9382 18.00
9383 69.00
9384 97.75
9385 26.00
9386 72.67
9387 13.00
9388 85.67
9389 52.33
9390 235.00
9391 9.50
9392 103.00
9393 75.50
9394 33.50
9396 65.00
9397 28.00
9398 43.00
9399 126.50
9401 85.00
9402 225.00
9403 37.00
9404 49.00
9405 84.00
9406 91.00
9407 38.00
9408 11.50
9409 1.00
9410 182.50
9411 54.00
9412 130.00
9414 109.50
9416 105.33
9417 27.33
9418 197.00
9419 116.00
9420 40.00
9421 138.00
9422 122.00
9423 51.67
9424 92.00
9425 43.67
9426 217.50
9427 220.67
9429 55.50
9430 80.00
9431 47.00
9432 124.50
9433 0.00
9434 42.50
9436 11.00
9437 24.00
9438 151.00
9439 89.50
9441 23.00
9442 146.67
9443 18.00
9445 110.00
9446 122.50
9447 49.25
9448 146.33
9449 9.00
9450 41.00
9451 31.00
9452 225.67
9453 52.75
9454 73.00
9455 78.50
9456 38.50
9457 63.00
9458 88.00
9459 20.00
9460 168.00
9461 29.00
9463 32.00
9464 66.00
9465 107.00
9466 70.33
9467 9.00
9468 147.00
9469 69.00
9470 67.00
9471 145.50
9472 62.00
9473 94.00
9474 5.00
9475 13.50
9476 161.00
9477 158.75
9478 55.50
9480 40.00
9481 81.00
9482 122.50
9483 17.00
9484 17.00
9485 171.50
9486 85.67
9487 57.00
9488 46.00
9489 187.00
9490 167.50
9491 103.00
9492 46.50
9493 81.33
9494 19.00
9495 179.67
9496 174.00
9497 3.00
9498 58.75
9499 86.00
9500 95.00
9501 72.00
9502 111.00
9503 14.00
9505 118.20
9506 106.00
9507 57.33
9508 82.00
9509 58.00
9510 45.00
9511 56.00
9512 69.00
9513 116.00
9514 61.00
9515 54.00
9517 232.00
9518 74.00
9519 166.00
9520 154.00
9521 77.75
9522 122.00
9523 152.50
9524 70.00
9525 304.00
9526 104.50
9527 65.00
9528 383.00
9529 93.00
9530 61.00
9531 190.00
9532 172.00
9533 65.50
9534 124.00
9536 88.00
9537 70.00
9538 54.00
9539 50.25
9540 48.25
9541 50.75
9542 86.00
9543 88.33
9544 0.00
9545 3.00
9546 104.33
9547 129.50
9548 119.00
9549 100.33
9550 36.67
9551 7.00
9552 84.00
9553 37.00
9554 88.00
9556 52.00
9558 50.00
9559 104.00
9560 269.00
9562 128.00
9563 88.00
9564 285.00
9565 104.67
9566 33.00
9568 71.50
9569 106.50
9571 83.00
9573 151.50
9574 104.00
9575 60.25
9577 30.50
9578 31.75
9579 15.00
9580 43.83
9581 102.67
9582 10.00
9583 33.67
9584 31.00
9585 114.75
9586 46.50
9587 50.00
9588 210.00
9589 252.00
9590 144.50
9591 281.00
9592 160.00
9593 29.00
9594 66.67
9596 25.33
9597 65.00
9598 58.50
9599 111.00
9601 54.00
9602 9.50
9603 40.00
9604 4.00
9605 141.00
9606 90.00
9607 134.00
9609 49.33
9610 16.00
9611 37.00
9612 100.00
9613 127.00
9614 39.00
9615 85.25
9616 148.33
9617 222.67
9618 72.00
9620 23.50
9621 34.40
9622 65.00
9623 67.00
9624 65.33
9625 78.00
9626 139.50
9627 80.33
9628 24.00
9629 48.00
9630 60.00
9631 76.00
9632 103.00
9633 256.00
9634 124.50
9635 72.50
9636 3.50
9637 58.00
9638 57.50
9639 76.00
9640 75.00
9641 252.00
9642 91.50
9643 65.00
9644 192.00
9645 0.00
9646 10.50
9647 120.75
9648 146.50
9649 129.00
9650 180.00
9652 155.00
9653 64.50
9654 70.00
9655 102.50
9656 27.00
9657 94.00
9658 127.33
9660 58.25
9661 100.75
9662 55.50
9663 125.50
9664 181.50
9665 58.33
9666 79.00
9667 410.00
9669 147.50
9671 85.50
9672 46.33
9673 69.00
9674 84.00
9675 164.00
9676 31.50
9677 25.00
9678 138.67
9679 17.00
9680 76.00
9683 109.50
9684 207.00
9685 39.00
9686 142.00
9687 51.33
9689 52.00
9690 110.00
9691 76.50
9692 56.50
9693 26.50
9694 61.00
9695 98.00
9696 54.50
9697 56.60
9698 120.50
9699 34.00
9700 77.50
9701 23.50
9702 16.00
9703 3.00
9704 29.00
9705 65.00
9706 63.00
9707 37.50
9708 153.50
