0 39.57
1 31.17
2 40.57
3 28.00
4 25.38
5 58.00
6 41.56
7 28.88
8 39.25
9 31.40
10 14.25
11 22.00
12 31.17
13 43.00
14 18.17
15 25.75
16 69.80
17 37.00
18 35.22
19 47.30
20 36.11
21 29.75
22 34.71
23 74.56
24 41.00
25 49.75
26 47.86
27 48.14
28 29.17
29 42.00
30 42.12
31 44.33
32 23.00
33 34.86
34 54.00
35 49.80
36 34.83
37 45.89
38 22.75
39 41.33
40 27.83
41 40.00
42 27.64
43 99.83
44 41.73
45 33.53
46 45.60
47 16.00
48 41.50
49 48.30
50 27.08
51 35.40
52 57.00
53 39.00
54 20.12
55 34.83
56 31.50
57 51.67
58 40.25
59 30.30
60 25.67
61 42.58
62 28.60
63 74.75
64 58.64
65 70.64
66 54.33
67 71.33
68 29.71
69 63.80
70 62.33
71 32.25
72 30.11
73 38.25
74 44.60
75 39.91
76 60.86
77 25.38
78 46.71
79 25.00
80 23.85
81 31.00
82 32.12
83 60.00
84 47.71
85 33.12
86 35.33
87 26.00
88 58.25
89 56.60
90 43.40
91 49.33
92 21.56
93 44.71
94 52.00
95 25.83
96 51.25
97 40.67
98 39.57
99 33.20
100 39.20
101 36.25
102 53.60
103 63.00
104 28.33
105 51.33
106 31.60
107 75.20
108 55.57
109 57.00
110 36.67
111 37.60
112 32.00
113 36.09
114 46.40
115 36.00
116 31.50
117 60.25
118 48.17
119 34.40
120 28.20
121 16.83
122 37.17
123 34.00
124 36.44
125 35.33
126 50.33
127 53.00
128 38.33
129 52.67
130 27.20
131 39.58
132 22.50
133 42.56
134 36.55
135 39.18
136 34.33
137 39.33
138 68.12
139 33.50
140 24.25
141 41.00
142 51.50
143 33.90
144 61.80
145 56.50
146 32.17
147 33.00
148 74.43
149 43.20
150 31.64
151 28.75
152 65.33
153 38.00
154 51.33
155 24.20
156 24.58
157 45.09
158 39.57
159 50.75
160 34.86
161 53.43
162 40.17
163 82.14
164 33.88
165 33.50
166 52.50
167 45.88
168 57.50
169 42.71
170 24.60
171 23.83
172 51.78
173 26.33
174 37.27
175 44.09
176 63.20
177 29.78
178 28.25
180 50.22
181 49.80
182 43.71
183 56.00
184 32.40
185 27.86
186 44.57
187 60.83
188 34.20
189 38.62
190 79.00
191 41.29
192 39.30
193 29.12
194 46.25
195 61.83
196 57.88
197 28.33
198 73.00
199 18.89
200 71.12
201 54.50
202 63.33
203 37.50
204 21.00
205 47.80
206 21.43
207 25.67
208 58.00
209 25.44
210 43.11
211 63.11
212 35.89
213 39.00
214 33.00
215 28.14
216 16.17
217 46.89
218 45.57
219 80.25
220 25.33
221 171.00
222 41.30
223 54.25
224 37.75
225 49.70
226 42.20
227 51.80
228 27.14
229 47.62
230 30.00
231 18.60
232 54.75
233 26.25
234 29.50
235 44.00
236 78.67
237 34.14
238 36.33
239 46.86
240 45.09
241 32.00
242 47.75
243 34.83
244 35.00
245 56.33
246 18.60
247 48.00
248 35.00
249 44.00
250 29.91
251 46.00
252 89.50
253 45.88
254 23.22
255 50.00
256 33.10
257 29.00
258 34.43
259 39.71
260 82.20
261 26.33
262 19.14
263 19.60
264 43.50
265 56.64
266 40.56
267 36.54
268 43.67
269 37.50
270 25.56
271 42.45
272 41.50
273 12.00
274 28.50
275 52.33
276 39.33
277 37.80
278 28.00
279 47.80
280 19.50
281 31.50
282 20.80
283 30.10
284 55.22
285 66.71
286 46.12
287 75.56
288 43.43
289 57.60
290 56.17
291 60.75
292 29.00
293 63.64
294 24.20
295 38.50
296 44.75
297 42.71
298 38.00
299 25.20
300 45.00
301 37.62
302 65.00
303 31.33
304 80.57
305 15.00
306 28.00
307 64.44
308 57.22
309 35.67
310 35.88
311 75.33
312 52.62
313 26.44
314 58.86
315 35.12
317 43.29
318 20.20
319 13.00
320 38.50
321 66.25
322 68.00
323 45.50
324 25.20
325 30.30
326 26.44
327 12.60
328 81.33
329 37.43
330 59.17
331 14.00
332 34.45
333 35.71
334 34.00
335 24.44
336 52.20
337 39.75
338 41.14
339 83.25
340 55.20
341 10.00
342 16.17
343 37.83
344 83.83
345 42.80
346 59.20
347 50.56
348 28.90
349 36.20
350 28.36
351 28.20
352 32.90
353 26.67
354 14.00
355 48.00
356 52.11
357 40.80
358 31.71
359 39.73
360 44.91
361 39.67
362 13.00
363 23.38
364 49.25
365 40.83
366 61.60
367 50.17
368 31.38
369 52.07
370 43.29
371 49.30
372 48.89
373 44.78
374 25.67
375 72.00
376 56.00
377 78.00
378 31.20
379 61.33
380 22.71
381 60.00
382 67.50
383 25.29
384 14.50
385 42.40
386 56.25
387 26.40
388 34.57
389 40.91
390 44.00
391 43.71
392 25.00
393 78.50
394 27.89
395 33.83
396 36.57
397 39.80
398 45.44
399 31.14
400 25.00
401 17.33
402 42.00
403 46.92
404 56.18
405 64.75
406 44.14
407 31.62
408 28.86
409 30.80
410 51.86
411 42.33
412 36.31
413 52.00
414 56.67
415 40.43
416 50.22
417 15.89
418 38.67
419 23.00
420 52.14
421 37.00
422 25.43
423 56.50
424 40.00
425 42.57
426 45.50
427 37.75
428 74.14
429 40.55
430 53.00
431 52.13
432 40.12
433 24.33
434 19.75
435 25.54
436 35.50
437 64.00
438 17.57
439 53.12
440 35.57
441 50.67
442 42.71
443 27.00
444 92.00
445 37.00
446 40.58
447 54.75
448 33.86
449 32.50
450 35.14
451 55.56
452 40.25
453 39.20
454 72.50
455 67.56
456 27.30
457 28.14
458 37.25
459 45.78
460 39.57
461 14.22
462 39.33
463 63.25
464 33.70
465 34.67
466 32.20
467 40.73
468 44.91
469 62.50
470 18.89
471 59.80
472 34.57
473 40.00
474 44.00
475 36.44
476 43.25
477 24.43
478 32.12
479 71.55
480 25.40
481 93.67
482 30.50
483 64.86
484 4.00
485 33.50
486 32.75
487 63.38
488 47.14
489 43.70
490 38.33
491 46.20
492 24.00
493 62.07
494 28.00
495 74.33
496 35.67
497 46.75
498 35.00
499 38.91
500 31.20
501 55.30
502 38.89
503 45.22
504 37.25
505 46.80
506 37.43
507 21.14
508 43.00
509 107.00
510 77.29
511 34.17
512 29.29
513 35.14
514 37.50
515 27.78
516 20.25
517 61.20
518 29.00
519 39.67
520 58.78
521 47.33
522 68.50
523 52.00
524 24.44
525 113.67
526 82.83
527 87.11
528 56.50
529 95.25
530 49.45
531 25.89
532 46.00
533 40.50
534 45.91
535 38.33
536 75.17
537 30.29
538 70.71
539 61.00
540 36.88
541 34.38
542 69.00
543 83.00
544 49.33
545 46.83
546 40.00
547 186.00
548 29.80
549 92.00
550 27.56
551 30.50
552 53.50
553 20.57
554 13.75
555 29.50
556 33.88
557 43.33
558 38.67
559 25.33
560 41.80
561 55.00
562 77.25
563 27.43
564 32.50
565 28.00
566 46.00
567 19.00
568 52.25
569 49.10
570 44.56
571 20.08
572 32.50
573 39.83
574 46.50
575 14.20
576 27.40
577 37.67
578 58.86
579 29.00
580 45.86
581 66.67
582 21.80
583 51.36
584 50.29
585 76.10
586 33.00
587 50.00
588 20.83
589 39.00
590 17.75
591 24.00
592 33.60
593 25.00
594 10.71
595 51.71
596 29.17
597 48.62
598 25.29
599 71.00
600 43.78
601 41.60
602 44.38
603 18.29
604 69.38
605 31.00
606 72.00
607 30.80
608 26.20
609 30.14
610 40.40
611 19.43
612 53.12
613 22.67
614 57.43
615 33.60
616 31.83
617 95.25
618 29.86
619 34.22
620 40.00
621 65.88
622 43.56
623 58.43
624 47.67
625 28.00
626 44.00
627 52.29
628 73.88
629 44.00
630 48.67
631 40.50
632 44.50
633 31.93
634 33.55
635 44.44
636 25.33
637 31.20
638 39.88
639 37.43
640 11.80
641 45.14
642 30.62
643 14.00
644 11.67
645 60.00
646 55.62
647 46.50
648 40.22
649 37.00
650 47.33
651 17.50
652 22.44
653 45.40
654 19.25
655 63.12
656 38.46
657 49.80
658 30.62
659 30.25
660 55.50
661 61.80
662 42.00
663 47.92
664 61.67
665 45.11
666 61.80
667 42.00
668 19.33
669 33.57
670 41.20
671 54.50
672 42.22
673 36.67
674 59.38
675 47.44
676 15.29
677 63.00
678 31.60
679 63.33
680 35.46
681 68.40
682 23.20
683 15.86
684 46.00
685 75.67
686 35.67
687 56.25
688 31.36
689 23.14
690 19.40
691 31.50
692 58.60
693 68.86
694 65.50
695 30.40
696 26.75
697 45.00
698 69.40
699 43.90
700 85.00
701 26.75
702 36.57
703 30.29
704 32.00
705 70.08
706 60.75
707 34.44
708 31.00
709 41.09
710 27.67
711 34.40
712 32.11
713 39.40
714 35.20
715 20.33
716 25.73
718 49.75
719 144.80
720 39.60
721 54.00
722 15.25
723 5.40
724 18.20
725 50.83
726 42.57
727 30.29
728 34.11
729 32.20
730 50.75
731 55.14
732 16.00
733 51.83
734 21.80
735 25.60
736 33.12
737 32.12
738 34.57
739 34.25
740 44.57
741 27.91
742 50.33
743 27.00
744 36.71
745 41.71
746 38.00
747 36.00
748 43.90
749 14.00
750 42.86
751 52.25
752 46.56
753 34.38
754 27.50
755 77.00
756 32.40
757 33.83
758 64.80
759 51.89
760 47.67
761 41.22
762 17.43
763 44.56
764 35.83
765 35.78
766 36.12
767 67.38
768 61.25
769 11.20
770 43.71
771 30.60
772 58.29
773 28.00
774 76.00
775 35.75
776 40.50
777 55.08
778 40.60
779 37.33
780 75.12
781 59.14
782 76.22
783 34.00
784 42.00
785 46.50
786 40.11
787 22.43
788 43.80
789 41.00
790 20.00
791 34.89
792 31.00
793 30.83
794 38.83
795 6.00
796 48.14
797 41.12
798 38.33
799 59.12
800 40.22
801 27.57
802 26.80
803 21.57
804 22.67
805 30.14
806 95.50
807 56.40
808 23.80
809 30.38
810 65.12
811 45.88
812 52.89
813 75.00
814 32.00
815 7.00
816 12.25
817 27.57
818 19.00
819 34.25
820 70.43
821 15.00
822 40.38
823 55.17
824 75.00
825 50.67
826 51.82
827 67.00
828 70.43
829 38.40
830 51.43
831 38.44
832 33.44
833 59.75
834 69.20
835 22.10
836 20.67
837 13.25
838 48.40
839 86.33
840 76.33
841 23.91
842 43.00
843 56.50
844 47.56
845 31.29
846 24.20
847 51.62
848 27.44
849 39.29
850 32.33
851 20.89
852 36.86
853 32.17
854 85.75
855 32.73
856 23.57
857 31.40
858 49.00
859 40.14
860 68.40
861 89.75
862 40.73
863 47.33
864 11.33
865 44.00
866 22.50
867 76.38
868 19.40
869 33.33
870 33.40
871 49.40
872 72.40
873 20.86
874 51.20
875 108.00
876 46.50
877 87.00
878 58.70
879 64.38
880 46.00
881 40.92
882 41.33
883 20.00
884 47.17
885 30.86
886 21.57
887 40.25
888 33.54
889 90.17
890 35.88
891 54.11
892 46.75
893 42.89
894 42.38
895 19.38
896 75.75
897 47.29
898 9.60
899 40.50
900 60.33
901 32.62
902 24.78
903 18.14
904 41.50
905 41.45
906 57.80
907 49.00
908 78.75
909 36.25
910 29.56
911 56.67
912 19.50
913 29.25
914 19.80
915 43.00
916 44.17
917 26.00
918 52.60
919 60.40
920 25.88
921 37.12
922 43.30
923 15.80
924 40.29
925 93.75
926 58.17
927 50.42
928 20.83
929 31.62
930 50.90
931 31.00
932 76.38
933 32.14
934 47.75
935 32.56
936 34.14
937 63.00
938 19.60
939 24.25
940 33.00
941 26.40
942 45.14
943 27.44
944 38.25
945 63.33
946 42.75
947 27.29
948 45.14
949 35.00
950 43.67
951 51.40
952 36.29
953 34.50
954 35.00
955 61.86
956 42.50
957 55.00
958 27.30
959 18.50
960 34.57
961 52.82
962 20.40
963 64.17
964 47.12
965 17.50
966 33.00
967 57.86
968 62.18
969 25.00
970 60.10
971 50.20
972 50.30
973 52.00
974 32.60
975 72.40
976 61.33
977 35.20
978 21.45
979 25.12
980 46.50
981 42.83
982 21.50
983 40.33
984 28.80
985 55.57
986 3.00
987 41.22
988 35.25
989 44.20
990 36.64
991 32.14
992 30.60
993 43.43
994 51.60
995 30.80
996 36.71
997 19.67
998 37.67
999 33.25
1000 42.20
1001 23.00
1002 21.00
1003 26.38
1004 25.40
1005 24.83
1006 13.17
1007 32.14
1008 34.14
1009 59.71
1010 35.00
1011 64.38
1012 22.40
1013 33.67
1014 39.50
1015 22.83
1016 78.57
1017 22.70
1018 18.57
1019 34.64
1020 65.00
1021 31.75
1022 62.67
1023 61.33
1024 16.00
1025 27.40
1026 26.40
1027 42.83
1028 55.10
1029 60.25
1030 37.86
1031 69.67
1032 42.22
1033 39.25
1034 27.33
1035 59.50
1036 33.78
1037 41.56
1038 33.29
1039 38.00
1040 19.00
1041 54.75
1042 50.00
1043 38.89
1044 43.86
1045 51.50
1046 64.00
1047 38.38
1048 20.40
1049 81.25
1050 30.60
1051 9.00
1052 31.33
1053 36.20
1054 57.00
1055 33.71
1056 45.22
1057 44.44
1058 32.00
1059 30.27
1060 26.20
1061 43.25
1062 24.20
1063 57.00
1064 44.86
1065 40.25
1066 75.00
1067 28.33
1068 35.44
1069 33.43
1070 40.71
1071 36.43
1072 22.29
1073 25.60
1074 42.57
1075 61.25
1076 40.90
1077 32.62
1078 32.80
1079 28.60
1080 17.20
1081 34.44
1082 41.88
1083 35.80
1084 38.50
1085 65.25
1086 23.75
1087 37.22
1088 28.78
1089 43.50
1090 44.14
1091 54.25
1092 76.00
1093 34.12
1094 30.50
1095 90.40
1096 40.00
1097 19.00
1098 47.67
1099 39.00
1100 54.00
1101 25.70
1102 19.67
1103 51.60
1104 59.62
1105 23.71
1106 23.20
1107 42.00
1108 37.75
1109 24.00
1110 52.18
1111 41.25
1112 53.43
1113 18.75
1114 30.60
1115 6.00
1116 59.67
1117 22.75
1118 19.33
1119 31.88
1120 43.88
1121 83.14
1122 50.50
1123 40.71
1124 33.71
1125 48.20
1126 29.13
1127 29.83
1128 52.38
1129 45.67
1130 61.00
1131 41.27
1132 14.00
1133 21.00
1134 66.67
1135 73.75
1136 20.22
1137 80.88
1138 23.00
1139 32.57
1140 33.75
1141 85.83
1142 53.50
1143 43.71
1144 35.00
1145 27.80
1146 60.22
1147 44.62
1148 50.50
1149 61.75
1150 37.00
1151 28.40
1152 42.91
1153 35.25
1154 24.00
1155 14.00
1156 47.50
1157 57.57
1158 71.20
1159 40.12
1160 39.83
1161 26.12
1162 17.75
1163 57.00
1164 23.50
1165 40.30
1166 83.67
1167 61.20
1168 65.00
1169 31.71
1170 40.33
1171 62.14
1172 32.83
1173 66.40
1174 31.30
1175 34.86
1176 27.78
1177 37.27
1178 47.86
1179 30.60
1180 44.44
1181 49.43
1182 53.10
1183 45.38
1184 40.78
1185 102.60
1186 36.50
1187 42.29
1188 61.22
1189 21.00
1190 23.50
1191 33.75
1192 44.67
1193 27.43
1194 27.71
1195 63.11
1196 33.25
1197 13.00
1198 30.17
1199 52.20
1200 48.78
1201 19.00
1202 43.80
1203 23.00
1204 28.75
1205 59.00
1206 42.25
1207 72.17
1208 31.60
1209 53.12
1210 38.20
1211 58.38
1212 22.50
1213 37.40
1214 29.00
1215 30.25
1216 59.64
1217 36.33
1218 47.00
1219 50.29
1220 22.38
1221 32.71
1222 27.88
1223 19.40
1224 36.45
1225 25.00
1226 42.73
1227 17.11
1228 31.00
1229 35.29
1230 23.62
1231 55.20
1232 51.83
1233 41.44
1234 47.80
1235 53.60
1236 33.44
1237 34.80
1238 38.60
1239 62.00
1240 64.00
1241 28.75
1242 35.00
1243 60.11
1244 55.55
1245 31.90
1246 72.57
1247 33.89
1248 21.12
1249 25.40
1250 26.00
1251 31.71
1252 44.60
1253 39.33
1254 33.00
1255 41.31
1256 37.58
1257 38.50
1258 44.00
1259 13.00
1260 37.90
1261 42.09
1262 80.00
1263 41.50
1264 47.44
1265 66.14
1266 39.88
1267 45.75
1268 26.54
1269 34.30
1270 121.50
1271 33.83
1272 33.91
1273 40.40
1274 58.44
1275 41.00
1276 22.11
1277 32.78
1278 30.71
1279 52.90
1280 29.10
1281 29.43
1282 15.14
1283 71.11
1284 16.43
1285 58.33
1286 9.67
1287 30.64
1288 42.29
1289 51.22
1290 73.33
1291 30.86
1292 42.80
1293 39.60
1294 54.00
1295 15.00
1296 42.67
1297 43.29
1298 50.75
1299 34.20
1300 31.78
1301 30.89
1302 45.38
1303 39.15
1304 32.62
1305 69.67
1306 37.00
1307 48.60
1308 20.62
1309 34.00
1310 42.00
1311 29.60
1312 48.33
1313 44.38
1314 41.17
1315 24.00
1316 20.67
1317 25.00
1318 62.00
1319 35.10
1320 39.75
1321 17.80
1322 30.50
1323 15.00
1324 33.80
1325 39.30
1326 39.00
1327 34.73
1328 25.33
1329 20.90
1330 20.83
1331 34.12
1332 27.22
1333 22.20
1334 35.75
1335 48.00
1336 39.33
1337 41.38
1338 30.33
1339 15.50
1340 29.80
1341 49.83
1342 42.83
1343 36.00
1344 28.00
1345 40.75
1346 29.43
1347 35.00
1348 27.25
1349 62.86
1350 63.00
1351 27.75
1352 27.00
1353 38.00
1354 52.00
1355 75.83
1356 74.00
1357 69.75
1358 70.00
1359 45.78
1360 20.67
1361 21.71
1362 23.00
1363 42.43
1364 70.00
1365 22.60
1366 68.22
1367 25.20
1368 65.10
1369 39.58
1370 18.80
1371 27.20
1372 54.67
1373 46.33
1374 47.80
1375 24.88
1376 54.78
1377 53.45
1378 23.50
1379 73.25
1380 38.75
1381 40.36
1382 26.60
1383 79.25
1384 87.00
1385 31.60
1386 25.10
1387 30.20
1388 21.57
1389 30.33
1390 41.00
1391 49.67
1392 26.00
1393 29.67
1394 60.71
1395 31.22
1396 34.44
1397 71.00
1398 11.00
1399 33.25
1400 31.20
1401 56.00
1402 47.09
1403 59.25
1404 56.67
1405 59.75
1406 64.00
1407 48.29
1408 22.00
1409 43.67
1410 32.29
1411 63.00
1412 22.60
1413 46.40
1414 60.00
1415 35.22
1416 25.20
1417 30.14
1418 55.83
1419 56.50
1420 36.38
1421 30.12
1422 14.67
1423 36.73
1424 32.33
1425 26.00
1426 59.30
1427 131.67
1428 53.50
1429 32.73
1430 39.44
1431 28.33
1432 57.22
1433 33.88
1434 30.12
1435 54.40
1436 33.44
1437 52.80
1438 41.25
1439 51.33
1440 45.00
1441 15.60
1442 21.75
1443 63.20
1444 36.30
1445 22.71
1446 37.60
1447 98.67
1448 37.00
1449 49.29
1450 81.33
1451 54.00
1452 54.12
1453 60.43
1454 34.67
1455 35.00
1456 39.67
1457 35.60
1458 58.14
1459 5.00
1460 37.50
1461 28.00
1462 30.71
1463 77.25
1464 42.33
1465 64.38
1466 42.00
1467 31.00
1468 117.33
1469 22.60
1470 39.15
1471 41.57
1472 25.80
1473 25.33
1474 39.89
1475 40.75
1476 40.67
1477 56.00
1478 62.00
1479 20.40
1480 21.00
1481 37.86
1482 60.00
1483 59.00
1484 40.00
1485 59.75
1486 80.00
1487 62.00
1488 41.43
1489 35.25
1490 40.25
1491 78.00
1492 36.50
1493 47.75
1494 41.36
1495 47.17
1496 31.29
1497 75.67
1498 32.62
1499 50.44
1500 13.80
1501 46.67
1502 28.80
1503 42.78
1504 48.86
1505 41.00
1506 45.00
1507 18.75
1508 110.25
1509 18.71
1510 52.67
1511 16.00
1512 25.14
1513 28.20
1514 13.80
1515 94.00
1516 32.80
1517 62.00
1518 68.00
1519 35.56
1520 51.75
1521 19.00
1522 31.56
1523 27.14
1524 39.20
1525 42.44
1526 21.25
1527 35.00
1528 20.33
1529 31.60
1530 15.00
1531 8.20
1532 28.89
1533 58.00
1534 49.00
1535 29.11
1536 12.50
1537 94.33
1538 18.50
1539 35.62
1540 29.83
1541 50.88
1542 45.50
1543 72.71
1544 35.38
1545 66.80
1546 57.17
1547 40.89
1548 32.20
1549 56.21
1550 43.00
1551 41.33
1552 36.86
1553 47.29
1554 33.42
1555 18.75
1556 46.50
1557 50.67
1558 38.71
1559 21.33
1560 48.50
1561 79.60
1562 38.17
1563 76.88
1564 38.57
1565 37.40
1566 39.43
1567 78.00
1568 32.20
1569 56.00
1570 36.83
1571 55.71
1572 19.00
1573 37.22
1574 47.50
1575 59.38
1576 23.33
1577 70.71
1578 14.43
1579 28.57
1580 57.00
1581 14.00
1582 32.20
1583 48.83
1584 44.40
1585 57.67
1586 17.67
1587 25.40
1588 49.33
1589 45.54
1590 40.70
1591 48.82
1592 45.50
1593 22.67
1594 34.29
1595 37.44
1596 15.33
1597 64.43
1598 43.73
1599 58.42
1600 75.43
1601 39.60
1602 60.00
1603 55.67
1604 24.17
1605 45.53
1606 22.86
1607 78.75
1608 9.70
1609 37.55
1610 41.67
1611 63.17
1612 30.33
1613 32.50
1614 97.00
1615 30.67
1616 17.00
1617 26.20
1618 52.00
1619 12.14
1620 24.20
1621 48.00
1622 68.20
1623 28.55
1624 59.14
1625 118.67
1626 77.00
1627 47.50
1628 43.67
1629 53.89
1630 32.60
1631 24.50
1632 43.00
1633 45.14
1634 23.17
1635 26.62
1636 28.00
1637 33.75
1638 70.00
1639 34.00
1640 34.20
1641 70.71
1642 46.11
1643 39.67
1644 54.17
1645 39.09
1646 34.36
1647 19.70
1648 24.80
1649 21.11
1650 33.33
1651 40.00
1652 22.83
1653 53.33
1654 33.71
1655 50.70
1656 39.00
1657 33.00
1658 34.75
1659 37.25
1660 33.33
1661 28.00
1662 39.11
1663 33.20
1664 73.20
1665 17.60
1666 31.29
1667 43.43
1668 39.50
1669 57.50
1670 63.33
1671 46.00
1672 19.00
1673 24.86
1674 12.67
1675 42.40
1676 50.10
1677 74.86
1678 57.00
1679 26.80
1680 37.29
1681 33.62
1682 67.67
1683 54.33
1684 84.00
1685 36.14
1686 39.86
1687 36.00
1688 51.25
1689 28.25
1690 38.86
1691 45.00
1692 70.40
1693 47.89
1694 35.00
1695 22.75
1696 29.00
1697 35.17
1698 41.25
1699 53.29
1700 27.83
1701 61.17
1702 24.80
1703 71.67
1704 33.78
1705 35.71
1706 29.67
1707 19.60
1708 42.67
1709 29.22
1710 56.12
1711 58.17
1712 39.60
1713 33.75
1714 50.54
1715 56.60
1716 99.00
1717 46.90
1718 15.30
1719 17.50
1720 21.25
1721 60.33
1722 13.00
1723 36.33
1724 59.80
1725 27.40
1726 47.29
1727 51.71
1728 70.17
1729 40.33
1730 73.75
1731 39.44
1732 27.40
1733 26.36
1734 36.00
1735 40.88
1736 42.60
1737 48.67
1738 24.89
1739 35.88
1740 64.46
1741 41.00
1742 54.00
1743 31.60
1744 43.67
1745 24.80
1746 30.50
1747 37.00
1748 37.67
1749 55.67
1750 33.00
1751 42.10
1752 49.00
1753 24.00
1754 42.33
1755 34.71
1756 115.75
1757 43.14
1758 24.00
1759 45.45
1760 50.56
1761 37.30
1762 38.88
1763 31.20
1764 42.17
1765 66.00
1766 42.43
1767 56.80
1768 72.73
1769 66.50
1770 33.29
1771 34.60
1772 40.82
1773 88.00
1774 39.91
1775 54.62
1776 114.80
1777 43.55
1778 43.44
1779 60.33
1780 40.22
1781 41.25
1782 42.38
1783 89.00
1784 43.56
1785 56.17
1786 33.00
1787 34.00
1788 56.90
1789 34.43
1790 24.50
1791 18.60
1792 40.80
1793 29.40
1794 41.00
1795 81.67
1796 69.00
1797 31.89
1798 53.33
1799 40.88
1800 41.40
1801 52.00
1802 19.25
1803 24.50
1804 41.00
1805 33.29
1806 19.33
1807 35.50
1808 25.78
1809 21.50
1810 67.90
1811 38.67
1812 9.00
1813 42.25
1814 51.00
1815 27.38
1816 23.33
1817 27.83
1818 36.12
1819 37.18
1820 53.08
1821 50.33
1822 28.20
1823 29.33
1824 57.18
1825 65.83
1826 59.25
1827 23.80
1828 34.17
1829 48.22
1830 50.80
1831 91.67
1832 11.00
1833 84.25
1834 36.50
1835 76.10
1836 66.67
1837 27.00
1838 44.75
1839 30.50
1840 27.12
1841 50.90
1842 59.25
1843 38.50
1844 8.50
1845 25.75
1846 39.11
1847 73.89
1848 26.11
1849 55.88
1850 45.67
1851 37.40
1852 37.38
1853 25.00
1854 29.83
1855 46.00
1856 54.92
1857 39.40
1858 30.11
1859 52.25
1860 37.71
1861 36.80
1862 44.56
1863 49.56
1864 45.17
1865 32.33
1866 37.67
1867 21.50
1868 35.00
1869 25.29
1870 53.78
1871 29.50
1872 33.17
1873 32.89
1874 23.86
1875 23.50
1876 14.40
1877 59.85
1878 35.00
1879 11.00
1880 22.86
1881 29.00
1882 20.25
1883 24.33
1884 31.55
1885 39.86
1886 40.31
1887 50.83
1888 30.00
1889 33.67
1890 23.83
1891 56.83
1892 51.75
1893 35.17
1894 48.10
1895 60.14
1896 24.50
1897 31.29
1898 32.43
1899 73.67
1900 51.00
1901 49.20
1902 63.50
1903 39.00
1904 37.00
1905 38.86
1906 23.71
1907 50.67
1908 37.75
1909 49.62
1910 27.00
1911 26.50
1912 106.33
1913 37.55
1914 52.20
1915 34.89
1916 54.00
1917 20.33
1918 33.43
1919 71.62
1920 24.33
1921 35.82
1922 47.80
1923 15.60
1924 29.25
1925 33.83
1926 42.33
1927 43.11
1928 46.71
1929 69.10
1930 45.38
1931 25.17
1932 26.17
1933 33.71
1934 28.80
1935 32.75
1936 26.78
1937 22.77
1938 38.44
1939 79.00
1940 51.75
1941 40.20
1942 36.50
1943 45.40
1944 12.25
1945 17.00
1946 37.08
1947 29.40
1948 33.33
1949 77.57
1950 68.62
1951 48.40
1952 29.75
1953 50.50
1954 89.67
1955 29.67
1956 26.00
1957 49.10
1958 22.50
1959 34.23
1960 53.50
1961 25.33
1962 29.00
1963 51.33
1964 7.14
1965 30.56
1966 59.67
1967 35.29
1968 45.00
1969 45.60
1970 47.12
1971 13.00
1972 29.83
1973 30.10
1974 37.00
1975 29.80
1976 41.50
1977 42.12
1978 13.00
1979 43.00
1980 30.77
1981 45.38
1982 51.75
1983 49.20
1984 37.67
1985 20.17
1986 64.25
1987 30.60
1988 35.58
1989 47.25
1990 25.00
1991 33.67
1992 36.20
1993 15.00
1994 27.86
1995 19.75
1996 52.75
1997 47.80
1998 33.62
1999 63.20
2000 50.50
2001 26.50
2002 32.90
2003 49.14
2004 40.33
2005 12.33
2006 44.20
2007 36.71
2008 27.75
2009 5.00
2010 50.00
2011 52.18
2012 72.20
2013 62.77
2014 48.00
2015 29.71
2016 31.25
2017 44.33
2018 25.83
2019 23.43
2020 0.50
2021 25.00
2022 15.56
2023 55.33
2024 26.33
2025 44.33
2026 118.67
2027 27.22
2028 49.44
2029 49.60
2030 28.25
2031 27.50
2032 47.25
2033 34.45
2034 216.00
2035 18.00
2036 23.14
2037 77.50
2038 58.88
2039 95.57
2040 1.00
2041 55.60
2042 36.90
2043 27.67
2044 52.75
2045 24.18
2046 54.50
2047 47.62
2048 51.71
2049 15.89
2050 44.82
2051 63.83
2052 100.80
2053 35.12
2054 30.18
2055 25.27
2056 52.29
2057 58.75
2058 32.67
2059 47.56
2060 25.50
2061 47.43
2062 55.50
2063 80.38
2064 49.89
2065 41.00
2066 19.00
2067 35.75
2068 56.33
2069 51.09
2070 71.60
2071 38.50
2072 103.71
2073 28.29
2074 70.50
2075 42.83
2076 32.33
2077 58.00
2078 40.43
2079 26.08
2080 64.67
2081 59.82
2082 46.50
2083 27.17
2084 38.56
2085 44.67
2086 18.10
2087 34.00
2088 30.00
2089 38.10
2090 38.67
2091 97.43
2092 32.33
2093 57.14
2094 21.80
2095 57.57
2096 44.11
2097 21.00
2098 38.18
2099 71.50
2100 31.12
2101 55.00
2102 43.45
2103 31.83
2104 24.33
2105 25.75
2106 40.67
2107 61.29
2108 73.44
2109 35.00
2110 45.92
2111 48.25
2112 30.40
2113 43.71
2114 28.29
2115 32.33
2116 31.56
2117 39.38
2118 48.75
2119 44.80
2120 12.67
2121 51.46
2122 54.90
2123 29.27
2124 69.00
2125 34.60
2126 33.92
2127 50.43
2128 88.00
2129 45.90
2130 92.60
2131 44.43
2132 43.25
2133 33.25
2134 27.55
2135 33.88
2136 38.83
2137 37.78
2138 38.00
2139 23.50
2140 64.75
2141 19.75
2142 20.00
2143 49.17
2144 38.12
2145 52.36
2146 22.50
2147 10.75
2148 27.29
2149 26.50
2150 46.44
2151 38.67
2152 32.33
2153 22.40
2154 54.25
2155 30.62
2156 21.54
2157 41.50
2158 30.90
2159 29.80
2160 27.60
2161 51.75
2162 24.00
2163 38.92
2164 19.29
2165 66.12
2166 28.00
2167 41.29
2168 57.60
2169 23.14
2170 79.17
2171 33.29
2172 40.57
2173 27.12
2174 21.71
2175 45.89
2176 84.67
2177 33.14
2178 25.57
2179 45.40
2180 28.00
2181 64.17
2182 13.00
2183 43.50
2184 16.00
2185 59.46
2186 32.75
2187 10.43
2188 28.50
2189 39.00
2190 32.90
2191 33.29
2192 69.50
2193 14.33
2194 76.33
2195 30.00
2196 17.33
2197 21.70
2198 54.20
2199 39.00
2200 28.75
2201 51.88
2202 30.89
2203 35.33
2204 36.00
2205 37.50
2206 33.50
2207 36.11
2208 34.33
2209 40.90
2210 39.14
2211 29.60
2212 27.00
2213 6.67
2214 21.80
2215 11.80
2216 70.67
2217 49.50
2218 47.00
2219 41.67
2220 17.50
2221 44.78
2222 41.36
2223 38.43
2224 28.50
2225 26.00
2226 62.71
2227 18.83
2228 36.62
2229 24.25
2230 69.20
2231 21.00
2232 42.38
2233 29.67
2234 44.80
2235 31.43
2236 47.50
2237 60.00
2238 18.14
2239 33.29
2240 55.00
2241 30.00
2242 37.20
2243 52.62
2244 63.33
2245 57.93
2246 31.10
2247 80.67
2248 37.33
2249 39.73
2250 17.67
2251 51.00
2252 44.00
2253 31.50
2254 30.67
2255 61.00
2256 61.80
2257 31.88
2258 61.40
2259 81.20
2260 44.43
2261 58.10
2262 41.30
2263 61.00
2264 41.00
2265 75.00
2266 27.60
2267 43.33
2268 14.00
2269 66.20
2270 28.88
2271 33.17
2272 27.30
2273 8.00
2274 39.60
2275 45.86
2276 80.00
2277 52.33
2278 22.50
2279 45.80
2280 68.00
2281 6.00
2282 30.83
2283 43.00
2284 37.40
2285 21.50
2286 33.40
2287 71.88
2288 32.44
2289 41.14
2290 24.00
2291 51.50
2292 76.20
2293 47.62
2294 61.50
2295 48.22
2296 53.20
2297 63.71
2298 23.44
2299 64.00
2300 63.43
2301 8.00
2302 50.80
2303 36.80
2304 44.67
2305 32.33
2306 28.00
2307 43.08
2308 53.70
2309 40.75
2310 45.86
2311 38.57
2312 26.25
2313 55.56
2314 63.40
2315 51.00
2316 7.67
2317 43.50
2318 55.40
2319 22.88
2320 32.38
2321 45.56
2322 30.67
2323 37.33
2324 19.25
2325 38.75
2326 19.44
2327 34.08
2328 68.00
2329 52.71
2330 35.33
2331 11.60
2332 28.25
2333 51.75
2334 32.91
2335 17.00
2336 38.29
2337 24.17
2338 23.00
2339 39.88
2340 37.58
2341 84.50
2342 33.14
2343 45.40
2344 19.38
2345 29.57
2346 36.50
2347 37.46
2348 38.83
2349 46.38
2350 24.88
2351 30.50
2352 58.83
2353 103.60
2354 22.29
2355 35.09
2356 36.75
2357 61.71
2358 28.60
2359 50.50
2360 79.50
2361 33.71
2362 46.50
2363 43.57
2364 28.88
2365 33.27
2366 43.62
2367 14.86
2368 54.33
2369 40.00
2370 35.67
2371 64.56
2372 37.56
2373 40.90
2374 55.00
2375 30.33
2376 53.40
2377 36.86
2378 59.71
2379 26.25
2380 45.27
2381 41.82
2382 31.25
2383 57.50
2384 25.40
2385 62.00
2386 60.12
2387 40.75
2388 70.57
2389 43.64
2390 54.12
2391 75.50
2392 33.57
2393 43.14
2394 27.50
2395 34.78
2396 40.71
2397 30.40
2398 24.92
2399 32.80
2400 51.20
2401 51.80
2402 37.33
2403 50.60
2404 23.43
2405 74.20
2406 29.86
2407 33.40
2408 51.14
2409 48.88
2410 30.23
2411 54.67
2412 52.80
2413 62.20
2414 26.12
2415 43.75
2416 64.75
2417 28.20
2418 32.43
2419 43.71
2420 45.60
2421 43.90
2422 47.57
2423 43.67
2424 46.50
2425 60.86
2426 38.33
2427 38.83
2428 36.62
2429 24.00
2430 28.57
2431 51.67
2432 37.20
2433 24.50
2434 33.50
2435 35.86
2436 28.90
2437 41.33
2438 62.86
2439 31.17
2440 51.50
2441 33.50
2442 59.17
2443 31.33
2444 27.00
2445 59.80
2446 19.85
2447 24.91
2448 47.00
2449 41.80
2450 3.00
2451 34.57
2452 50.06
2453 23.40
2454 43.33
2455 47.00
2456 36.00
2457 49.25
2458 77.25
2459 23.78
2460 61.80
2461 45.40
2462 17.50
2463 41.17
2464 57.73
2465 46.00
2466 84.33
2467 40.36
2468 42.17
2469 63.00
2470 29.17
2471 42.12
2472 45.20
2473 34.33
2474 20.83
2475 31.78
2476 16.00
2477 45.00
2478 27.50
2479 42.22
2480 48.25
2481 65.00
2482 35.40
2483 41.00
2484 31.71
2485 12.00
2486 36.75
2487 30.88
2488 48.12
2489 51.89
2490 22.80
2491 57.33
2492 29.33
2493 35.18
2494 60.27
2495 49.75
2496 30.62
2497 45.43
2498 50.40
2499 30.00
2500 31.22
2501 22.25
2502 34.00
2503 49.43
2504 94.00
2505 31.25
2506 56.50
2507 39.88
2508 51.38
2509 35.57
2510 37.58
2511 28.20
2512 46.08
2513 63.20
2514 60.00
2515 19.00
2516 27.36
2517 29.17
2518 34.92
2519 65.00
2520 36.11
2521 22.11
2522 25.57
2523 35.33
2524 53.67
2525 69.00
2526 67.09
2527 59.50
2528 54.57
2529 40.00
2530 57.14
2531 34.18
2532 44.36
2533 54.62
2534 53.71
2535 33.09
2536 68.22
2537 25.40
2538 48.71
2539 34.44
2540 34.20
2541 12.75
2542 34.12
2543 39.12
2544 25.00
2545 23.00
2546 35.88
2547 23.91
2548 56.86
2549 23.38
2550 41.14
2551 32.08
2552 30.00
2553 37.88
2554 30.86
2555 28.33
2556 54.83
2557 61.40
2558 34.30
2559 32.17
2560 39.62
2561 15.40
2562 23.00
2563 31.14
2564 105.50
2565 43.83
2566 21.00
2567 112.50
2568 44.50
2569 59.57
2570 38.60
2571 28.62
2572 28.00
2573 84.00
2574 65.75
2575 52.62
2576 76.38
2577 42.00
2578 31.12
2579 40.25
2580 83.67
2581 33.58
2582 49.38
2583 46.57
2584 39.80
2585 30.12
2586 72.10
2587 44.56
2588 31.38
2589 33.17
2590 54.43
2591 32.83
2592 61.57
2593 57.82
2594 45.60
2595 33.15
2596 34.43
2597 41.00
2598 37.88
2599 46.50
2600 30.56
2601 26.67
2602 32.00
2603 39.44
2604 26.14
2605 54.12
2606 41.22
2607 56.40
2608 86.14
2609 39.00
2610 52.20
2611 45.08
2612 38.57
2613 74.29
2614 43.57
2615 35.12
2616 52.30
2617 43.60
2618 17.75
2619 62.00
2620 55.67
2621 23.29
2622 84.75
2623 36.75
2624 24.91
2625 29.67
2626 30.33
2627 44.67
2628 26.80
2629 22.33
2630 32.54
2631 81.33
2632 34.60
2633 35.50
2634 25.33
2635 37.00
2636 71.71
2637 28.00
2638 41.60
2639 33.14
2640 45.91
2641 49.00
2642 25.27
2643 68.25
2644 27.88
2645 58.50
2646 21.15
2647 36.22
2648 22.00
2649 78.00
2650 46.25
2651 52.78
2652 46.64
2653 39.29
2654 78.00
2655 31.83
2656 39.44
2657 19.25
2658 30.60
2659 26.89
2660 65.50
2661 26.14
2662 24.67
2663 34.40
2664 27.33
2665 43.20
2666 22.83
2667 26.44
2668 59.77
2669 53.33
2670 30.67
2671 34.12
2672 46.40
2673 37.00
2674 43.57
2675 29.40
2676 34.80
2677 38.00
2678 40.88
2679 30.22
2680 28.62
2681 25.20
2682 27.33
2683 57.43
2684 61.71
2685 24.20
2686 42.33
2687 58.38
2688 32.60
2689 60.25
2690 54.55
2691 41.20
2692 60.90
2693 37.22
2694 91.00
2695 28.86
2696 41.43
2697 36.50
2698 28.00
2699 31.08
2700 61.00
2701 32.33
2702 47.15
2703 33.38
2704 56.83
2705 51.83
2706 40.00
2707 51.67
2708 39.50
2709 73.25
2710 25.70
2711 50.38
2712 40.22
2713 58.40
2714 74.62
2715 39.62
2716 14.00
2717 53.67
2718 49.00
2719 57.50
2720 39.71
2721 38.75
2722 27.20
2723 55.50
2724 58.57
2725 31.50
2726 36.91
2727 85.00
2728 16.75
2729 49.78
2730 27.86
2731 48.29
2732 33.57
2733 30.17
2734 37.71
2735 56.55
2736 42.50
2737 53.71
2738 46.78
2739 55.86
2740 81.00
2741 35.27
2742 53.33
2743 46.33
2744 70.50
2745 41.60
2746 38.00
2747 62.50
2748 23.09
2749 44.17
2750 41.33
2751 71.00
2752 52.00
2753 50.62
2754 41.40
2755 83.80
2756 39.50
2757 36.71
2758 50.73
2759 41.71
2760 36.86
2761 25.00
2762 18.33
2763 47.14
2764 57.67
2765 47.73
2766 33.00
2767 39.29
2768 58.83
2769 90.20
2770 27.22
2771 16.57
2772 22.88
2773 27.23
2774 45.09
2775 44.78
2776 29.50
2777 52.22
2778 59.67
2779 26.50
2780 41.56
2781 16.25
2782 34.75
2783 28.50
2784 33.00
2785 26.22
2786 34.33
2787 38.00
2788 41.33
2789 25.86
2790 44.00
2791 27.44
2792 54.62
2793 31.92
2794 70.67
2795 42.17
2796 20.00
2797 28.44
2798 47.14
2799 43.71
2800 42.40
2801 16.80
2802 30.38
2803 30.56
2804 32.80
2805 84.67
2806 41.80
2807 51.00
2808 54.29
2809 46.17
2810 31.44
2811 67.40
2812 93.00
2813 81.50
2814 46.33
2815 15.75
2816 61.12
2817 35.60
2818 60.33
2819 41.00
2820 36.00
