0 56.77
1 48.65
2 205.62
3 43.62
4 202.46
5 65.58
6 93.16
7 48.64
8 80.02
9 37.07
10 66.54
11 38.78
12 50.56
13 50.44
14 59.79
15 43.41
16 24.11
17 42.36
18 214.75
19 51.82
20 45.88
21 201.23
22 51.82
23 215.62
24 69.42
25 88.70
26 49.46
27 82.79
28 39.47
29 58.54
30 51.34
31 45.15
32 50.74
33 64.81
34 61.62
35 31.42
36 48.64
37 205.16
38 51.52
39 54.13
40 156.84
41 47.96
42 217.60
43 46.81
44 82.38
45 44.32
46 81.63
47 28.42
48 45.22
49 46.31
50 38.42
51 55.36
52 61.02
53 60.09
54 33.73
55 40.83
56 205.90
57 53.72
58 52.00
59 214.65
60 46.49
61 211.28
62 58.65
63 96.69
64 45.67
65 68.57
66 31.33
67 62.31
68 56.32
69 46.52
70 46.57
71 54.51
72 51.56
73 26.92
74 47.61
75 208.69
76 75.55
77 42.75
78 238.94
79 47.67
80 245.93
81 59.37
82 97.27
83 57.36
84 76.22
85 33.94
86 45.66
87 41.96
88 51.26
89 44.15
90 62.42
91 55.00
92 29.98
93 52.53
94 203.26
95 61.89
96 45.87
97 224.17
98 47.09
99 200.67
100 68.89
101 62.98
102 48.18
103 64.93
104 36.34
105 60.67
106 55.14
107 52.57
108 57.06
109 51.98
110 53.88
111 29.12
112 37.23
113 205.76
114 56.60
115 49.80
116 222.87
117 41.23
118 206.32
119 66.79
120 71.92
121 49.90
122 74.52
123 31.06
124 52.93
125 55.45
126 41.33
127 51.62
128 54.48
129 40.39
130 38.10
131 50.78
132 197.90
133 52.41
134 46.33
135 193.56
136 44.94
137 204.29
138 57.90
139 81.59
140 61.88
141 68.67
142 31.69
143 52.28
144 51.86
145 40.32
146 41.62
147 57.50
148 60.74
149 30.25
150 50.75
151 207.87
152 54.11
153 43.43
154 186.79
155 41.25
156 186.19
157 57.97
158 96.96
159 53.42
160 75.06
161 44.24
162 54.79
163 53.72
164 42.05
165 62.81
166 66.28
167 52.22
168 27.69
169 59.16
170 177.60
171 59.07
172 44.68
173 184.18
174 40.74
175 201.98
176 64.18
177 87.45
178 40.79
179 84.45
180 36.37
181 51.04
182 53.15
183 46.36
184 56.08
185 69.28
186 46.07
187 28.86
188 55.02
189 212.02
190 59.05
191 49.22
192 210.57
193 38.78
194 186.15
195 66.69
196 89.07
197 47.62
198 84.96
199 38.24
200 57.22
201 43.49
202 52.04
203 54.09
204 63.12
205 42.62
206 30.72
207 54.70
208 194.84
209 62.02
210 50.47
211 186.60
212 38.42
213 183.40
214 59.71
215 88.27
216 54.07
217 76.98
218 35.86
219 60.42
220 40.80
221 40.75
222 62.31
223 55.11
224 36.00
225 31.78
226 56.83
227 190.93
228 58.62
229 50.69
230 179.19
231 39.50
232 235.02
233 63.54
234 71.69
235 57.59
236 72.68
237 32.69
238 54.18
239 45.54
240 38.36
241 50.57
242 54.07
243 49.78
244 29.36
245 51.81
246 210.65
247 55.16
248 49.95
249 181.65
250 47.43
251 187.74
252 60.81
253 84.75
254 49.89
255 66.63
256 34.35
257 46.80
258 52.65
259 57.61
260 55.09
261 57.06
262 59.85
263 33.18
264 44.29
265 183.18
266 61.65
267 44.85
268 195.21
269 44.65
270 204.85
271 66.41
272 84.58
273 54.18
274 81.77
275 37.52
276 49.18
277 54.64
278 41.28
279 47.65
280 63.36
281 47.87
282 31.12
283 42.91
284 198.80
285 65.19
286 40.47
287 181.31
288 45.00
289 189.83
290 74.15
291 92.16
292 61.89
293 70.69
294 36.06
295 53.94
296 48.46
297 44.20
298 57.06
299 69.33
300 53.87
301 27.39
302 48.21
303 186.44
304 46.35
305 50.90
306 222.74
307 45.54
308 186.86
309 60.46
310 88.50
311 51.87
312 71.58
313 42.94
314 71.44
315 43.85
316 55.78
317 48.28
318 57.71
319 50.18
320 30.02
321 57.24
322 191.35
323 50.79
324 42.82
325 199.79
326 52.42
327 215.85
328 64.49
329 79.00
330 57.49
331 87.98
332 43.89
333 57.02
334 45.04
335 52.39
336 43.33
337 66.15
338 39.58
339 22.48
340 45.16
341 169.36
342 45.62
343 41.84
344 207.19
345 42.24
346 188.76
347 61.38
348 83.02
349 52.43
350 88.21
351 33.45
352 52.06
353 43.83
354 39.75
355 47.11
356 67.45
357 44.33
358 33.29
359 53.65
360 198.72
361 45.88
362 40.72
363 193.94
364 47.73
365 213.11
366 60.73
367 86.69
368 51.23
369 77.63
370 36.45
371 58.54
372 50.90
373 47.59
374 50.12
375 75.31
376 47.12
377 37.55
378 46.75
379 213.75
380 41.70
381 41.26
382 197.24
383 41.60
384 202.98
385 61.22
386 77.39
387 56.15
388 79.96
389 40.26
390 63.30
391 42.45
392 45.41
393 53.83
394 60.04
395 49.51
396 27.14
397 56.77
398 189.69
