1 206.50
2 191.50
3 144.25
4 86.00
5 566.50
6 94.00
7 313.50
8 364.50
9 67.00
10 89.33
11 236.00
12 228.75
13 186.86
14 213.88
15 57.50
16 129.67
17 224.00
18 79.67
19 281.00
20 205.75
21 201.67
22 330.50
23 370.40
24 98.50
25 120.25
26 81.50
27 144.50
28 87.60
29 124.67
30 160.00
31 220.00
32 59.20
33 185.25
34 284.00
35 227.75
36 157.20
37 138.86
38 210.33
39 130.50
40 228.86
41 260.40
42 103.67
44 242.00
45 112.00
46 70.50
47 253.64
48 133.33
49 199.17
50 230.86
51 320.40
52 156.75
53 80.33
54 147.00
55 273.50
56 35.67
57 129.00
58 108.75
59 187.29
60 161.67
61 299.00
62 128.67
63 103.00
64 132.67
65 219.00
66 205.50
67 36.00
68 40.00
69 118.00
70 186.33
71 326.50
72 176.40
73 144.25
74 9.50
75 238.56
76 184.38
77 73.00
78 240.25
79 268.50
80 161.75
81 54.40
82 187.75
83 85.00
84 42.00
85 126.67
86 301.67
87 132.50
88 146.00
89 103.25
91 90.43
92 327.67
93 12.50
94 293.60
95 307.50
96 158.33
97 197.25
98 54.29
99 470.50
100 97.50
101 69.50
102 61.75
103 273.67
104 561.00
105 129.00
106 178.50
107 78.75
108 102.67
109 37.00
110 46.60
111 279.00
112 169.14
114 202.00
115 187.17
116 64.25
117 208.00
118 168.80
119 263.00
120 74.50
121 295.00
122 429.00
123 169.00
124 190.25
125 136.20
126 226.00
127 269.50
128 175.25
129 110.33
130 153.00
131 336.00
132 154.40
133 77.50
134 56.00
135 172.14
136 321.50
137 70.33
138 291.80
139 407.33
140 84.67
141 794.00
142 137.00
143 79.00
144 125.00
145 169.50
146 236.62
147 128.00
148 263.20
149 8.00
150 176.50
151 163.29
152 97.00
153 210.60
154 152.22
155 121.50
156 280.00
157 201.00
158 97.00
159 221.25
160 170.60
161 286.33
162 117.33
163 49.33
164 157.00
165 135.50
166 41.00
167 160.00
168 334.50
169 422.67
170 82.00
171 484.00
172 97.00
173 341.00
174 204.50
175 281.00
176 199.83
177 204.57
178 113.25
179 123.50
180 252.00
181 188.50
182 205.00
183 246.75
184 114.33
185 55.00
186 163.33
187 146.67
188 162.67
189 189.67
190 113.60
191 220.75
192 161.20
193 136.00
194 229.00
195 107.00
196 242.00
197 198.40
198 126.00
199 155.00
200 48.40
201 511.00
202 101.80
203 184.00
204 113.75
205 203.25
206 161.67
207 114.33
208 307.75
209 321.00
210 190.20
211 168.67
212 308.00
214 123.33
215 146.00
216 150.20
218 404.33
219 213.50
220 242.67
221 26.00
222 302.33
223 102.00
224 81.75
225 259.33
226 75.00
227 205.20
228 87.33
229 190.00
230 210.00
231 159.14
232 128.00
233 204.00
234 197.67
235 32.60
236 186.00
237 184.00
238 99.67
239 156.86
240 119.50
241 245.00
242 54.83
243 28.00
244 191.00
245 79.25
246 187.86
247 202.67
248 133.40
249 134.40
250 590.00
251 272.14
252 69.20
253 315.80
254 130.50
255 142.00
256 92.33
257 207.00
258 254.60
259 308.25
260 187.20
261 126.40
262 116.25
263 123.00
264 481.00
265 183.33
266 104.50
267 402.25
268 192.00
269 199.00
270 57.67
271 220.67
272 340.00
273 248.40
274 200.14
275 447.00
276 118.75
277 41.00
278 116.00
279 100.33
280 174.50
281 313.50
282 173.50
283 151.80
284 202.75
285 102.67
286 216.50
287 100.00
288 216.50
289 128.00
290 138.40
291 134.00
292 143.00
293 156.43
295 567.00
297 209.33
298 70.25
299 364.00
300 81.40
301 16.00
302 310.14
303 155.00
304 210.20
305 98.25
306 55.00
307 117.75
308 275.50
309 961.00
310 77.00
311 61.00
312 166.43
313 192.67
314 228.33
315 133.86
316 148.67
317 167.57
318 145.60
319 66.40
320 241.60
321 216.00
322 117.00
323 186.86
324 196.80
326 116.00
327 215.00
328 263.00
330 135.80
331 108.20
332 171.50
333 126.50
334 211.50
335 114.00
336 113.00
337 69.50
339 182.00
340 165.50
341 289.00
342 63.00
343 108.00
344 101.50
345 92.57
346 127.50
347 99.80
348 185.33
349 111.00
350 113.60
351 220.00
353 98.50
354 33.00
355 205.17
356 154.57
357 109.00
358 268.50
359 84.00
360 166.71
361 86.83
362 260.00
363 127.50
364 317.67
365 282.33
366 319.50
368 177.14
369 164.00
370 40.00
371 140.67
372 323.40
373 178.00
375 42.50
376 57.25
377 157.20
378 50.50
379 291.00
380 256.33
381 25.00
382 127.60
383 171.17
384 74.00
385 325.50
386 372.67
387 100.33
388 284.00
389 128.50
390 152.50
391 235.20
392 231.33
393 209.00
394 50.00
395 148.80
396 96.60
397 142.33
398 95.00
399 174.67
400 251.75
401 295.50
402 376.50
403 150.50
404 31.00
405 242.33
406 213.00
407 312.00
408 247.50
409 171.33
410 116.00
411 174.33
412 182.00
413 118.00
414 171.67
415 116.50
416 186.75
417 61.50
418 135.83
419 138.86
420 105.17
421 387.00
422 113.50
423 293.25
424 156.33
425 105.40
426 172.57
427 131.33
428 188.33
429 181.00
430 64.57
431 88.00
432 208.25
433 687.00
434 69.25
435 201.43
436 190.33
437 51.67
438 137.40
439 302.50
440 214.86
441 172.00
442 94.00
443 70.50
444 85.00
445 190.00
446 140.67
448 122.17
449 365.00
450 213.25
451 155.50
452 117.50
453 194.40
454 253.43
455 90.67
456 261.50
457 47.00
458 94.00
459 102.50
460 265.20
461 36.00
462 59.60
463 153.67
464 78.33
465 146.50
466 103.00
467 181.71
468 183.00
469 128.00
470 416.20
471 251.50
472 187.00
473 102.00
474 162.25
475 87.00
476 12.75
477 97.80
478 155.17
479 41.00
480 82.67
481 233.25
482 226.00
483 192.20
484 908.00
485 276.00
486 130.25
487 35.33
488 254.00
489 168.00
490 197.67
491 641.67
492 245.67
493 228.00
494 150.43
495 251.50
496 376.75
497 154.00
498 265.33
499 119.00
500 128.50
501 179.33
502 499.00
503 180.80
504 123.17
505 249.33
506 122.75
507 243.60
508 94.00
509 132.67
510 144.83
511 160.50
512 42.00
513 132.33
514 123.60
515 40.00
516 32.00
517 146.00
518 334.50
519 2.00
520 272.33
521 76.00
522 49.80
523 14.00
524 108.00
525 73.75
526 87.00
527 49.00
528 113.33
529 37.75
530 307.22
531 178.00
532 111.80
533 325.00
534 75.00
535 70.50
536 145.50
537 192.00
538 18.50
539 27.50
540 239.86
541 254.75
542 132.20
543 71.33
544 77.00
545 165.40
546 186.83
547 76.50
548 11.00
549 144.75
550 45.67
551 291.50
552 91.50
553 169.56
554 278.62
555 81.00
556 182.67
557 88.25
558 163.50
559 24.33
560 207.33
561 322.00
562 253.25
563 51.00
564 188.67
565 210.17
566 278.00
567 85.00
568 10.00
569 259.80
570 100.17
572 169.25
573 139.75
574 274.00
575 424.67
576 391.33
577 74.33
578 75.57
579 331.50
580 178.67
581 110.25
582 156.00
583 202.80
584 15.00
585 47.00
586 177.50
587 223.33
588 97.00
589 165.50
590 328.33
591 142.00
592 38.33
593 29.50
594 168.25
595 155.86
596 286.14
597 71.50
598 80.25
599 137.86
600 185.62
601 108.17
602 117.40
603 188.60
604 224.40
605 78.00
606 155.00
607 265.00
608 234.67
609 78.75
610 317.25
611 199.00
612 63.67
613 146.67
614 382.80
615 176.67
616 28.00
617 252.00
618 322.67
619 309.50
620 60.00
621 177.75
622 95.25
623 230.80
624 89.67
625 99.12
626 37.00
627 112.67
628 415.00
629 294.00
630 73.00
631 164.43
632 145.25
633 247.50
634 35.33
635 312.33
636 107.00
637 247.50
638 240.67
639 137.40
640 213.00
641 131.00
642 191.00
643 136.25
644 191.33
645 162.00
646 74.00
647 93.33
648 85.40
649 230.43
650 223.29
651 70.00
652 577.00
653 164.50
654 80.40
655 63.33
656 209.57
657 159.00
658 125.00
659 236.00
660 193.33
661 321.33
662 111.80
663 329.25
664 513.00
665 283.50
666 478.67
667 161.83
668 337.50
669 71.00
670 184.00
671 100.40
672 247.67
673 81.25
674 138.00
675 164.00
676 34.33
678 304.67
679 125.25
680 159.00
681 134.80
682 185.00
683 90.00
684 221.00
685 119.33
686 37.00
687 101.50
688 291.33
689 63.75
690 23.00
691 267.50
692 235.33
693 234.20
694 186.71
695 247.33
696 260.50
697 34.00
698 59.00
699 115.60
700 96.80
701 198.57
702 196.86
703 21.67
704 184.00
705 34.00
706 171.00
707 269.75
708 212.00
709 249.50
710 176.50
711 149.33
712 251.60
713 274.00
714 47.50
715 72.40
716 299.67
717 138.40
718 91.33
719 263.33
720 158.60
721 315.00
722 211.75
723 127.14
724 177.80
725 335.00
726 222.40
727 288.50
728 42.33
729 187.00
730 499.50
731 140.40
732 109.00
733 98.00
734 18.00
735 185.17
736 307.40
737 81.33
738 208.60
739 92.50
740 81.00
741 258.00
742 112.57
743 190.80
744 78.00
745 191.44
746 129.80
747 83.00
748 172.00
749 83.00
750 137.00
751 261.71
752 144.00
753 70.00
754 213.50
755 267.33
756 230.67
757 319.14
758 299.20
759 56.00
760 214.50
761 418.00
762 184.50
763 670.00
764 251.50
765 112.50
766 102.50
767 64.00
768 250.33
769 206.75
770 220.33
771 222.25
772 209.17
773 48.00
774 172.33
775 245.40
776 66.00
778 252.00
779 137.67
780 506.00
781 186.25
782 226.67
783 52.00
784 286.20
785 106.50
786 98.29
787 151.00
788 265.00
789 125.00
790 106.00
791 299.00
792 297.33
793 92.50
794 86.75
795 54.00
796 182.60
797 74.00
798 59.67
799 462.75
800 165.00
801 47.00
802 86.00
803 150.50
804 133.33
805 120.17
806 248.75
807 140.29
808 190.25
809 41.00
810 91.00
811 157.60
812 84.14
813 276.25
815 222.33
816 85.00
817 160.67
818 178.00
819 279.33
820 304.25
821 131.11
822 107.33
823 166.00
824 319.00
825 177.50
826 737.00
827 169.00
828 255.33
829 50.50
830 80.00
831 134.57
832 95.25
833 138.00
834 290.50
835 121.25
836 200.25
837 69.00
838 84.00
839 232.33
840 201.00
841 144.67
842 142.25
843 196.33
844 101.00
845 564.83
846 138.67
847 158.00
848 115.00
849 74.00
850 33.25
851 158.00
852 265.00
853 234.25
854 32.50
855 252.40
856 200.67
857 68.75
858 157.33
859 120.43
860 185.50
861 116.00
862 114.50
863 405.75
864 91.00
865 231.50
866 245.50
867 300.33
868 261.00
869 240.67
870 72.00
871 95.14
872 104.00
873 469.75
874 190.00
875 186.20
876 100.57
877 234.80
878 143.33
879 63.00
880 105.00
881 154.80
883 203.33
884 177.00
885 184.00
886 79.00
887 237.00
888 245.38
889 93.75
890 174.29
891 141.50
892 76.00
893 87.00
894 84.00
895 225.80
896 213.00
897 382.50
898 117.50
899 51.00
900 97.38
901 94.00
902 430.00
903 139.00
904 295.50
905 210.33
906 143.00
907 147.00
908 158.00
909 179.40
910 146.40
911 117.50
912 203.75
913 195.00
914 26.00
915 231.88
916 241.60
917 176.00
918 87.00
919 128.43
920 124.60
921 113.75
922 192.17
923 133.50
924 165.80
925 314.62
926 64.86
927 113.50
928 79.00
929 373.00
930 131.89
931 145.33
932 224.75
933 77.67
934 108.50
935 85.67
936 146.50
937 353.50
938 208.00
939 147.60
940 100.78
941 154.57
942 94.67
943 294.50
944 157.00
945 58.00
946 78.25
947 33.00
948 39.33
949 148.25
950 312.00
951 234.00
952 217.25
953 247.00
954 464.67
955 216.83
956 140.50
957 165.20
958 164.50
959 123.00
960 157.00
961 543.00
962 207.67
963 92.25
965 124.20
966 163.60
967 368.00
968 77.12
969 103.80
970 178.67
971 182.33
972 220.50
973 96.83
974 305.67
975 107.25
976 162.50
977 81.83
978 146.43
979 198.50
980 55.29
981 71.00
982 83.00
983 42.00
984 61.40
985 233.33
986 222.60
987 130.83
988 106.00
989 122.25
990 177.00
991 134.00
992 115.00
993 91.50
994 125.00
995 233.40
996 140.67
997 144.75
998 87.71
999 132.40
1000 124.00
1001 24.00
1003 171.00
1004 264.60
1005 70.00
1006 263.50
1007 258.91
1008 45.33
1009 216.50
1010 74.67
1011 130.00
1012 205.33
1013 108.50
1014 159.17
1015 360.50
1016 471.00
1017 14.33
1018 94.33
1019 181.25
1020 251.43
1021 103.50
1022 440.50
1023 455.00
1024 102.20
1025 459.00
1026 185.50
1027 276.25
1028 271.50
1029 70.33
1030 156.75
1031 234.67
1032 128.00
1033 10.00
1034 161.50
1035 113.00
1036 36.50
1037 60.33
1038 67.20
1039 161.50
1040 168.67
1041 180.71
1042 213.50
1043 96.75
1044 140.17
1045 103.40
1046 60.50
1047 280.00
1048 235.00
1049 56.00
1050 207.20
1051 253.75
1052 79.00
1053 213.00
1054 85.67
1055 37.00
1056 226.50
1057 287.56
1058 133.50
1059 147.00
1060 155.67
1061 112.60
1062 98.50
1063 179.67
1064 226.43
1065 122.00
1066 181.25
1067 131.67
1068 152.00
1069 240.75
1070 148.33
1071 220.00
1072 313.00
1073 259.00
1074 148.00
1075 239.50
1076 296.50
1077 178.50
1078 124.75
1079 93.00
1080 149.00
1081 92.00
1082 69.38
1083 67.00
1084 146.83
1085 47.33
1086 293.75
1087 47.00
1088 106.33
1089 81.00
1090 99.50
1091 167.50
1092 80.33
1093 189.25
1094 173.50
1095 34.33
1096 138.00
1097 150.25
1098 66.00
1099 42.75
1100 243.33
1101 147.71
1102 192.50
1103 91.00
1104 213.00
1105 196.00
1106 114.75
1107 445.00
1108 230.00
1109 357.00
1110 150.20
1111 131.00
1112 209.67
1113 372.33
1114 241.00
1115 299.00
1116 83.20
1117 55.00
1118 139.00
1119 164.50
1120 670.00
1121 155.50
1122 153.17
1123 269.50
1124 148.25
1125 226.80
1126 184.75
1128 139.60
1129 44.60
1130 259.00
1131 104.40
1132 127.20
1133 269.50
1134 374.00
1135 167.00
1136 158.17
1137 215.00
1138 61.33
1139 278.50
1140 445.00
1141 118.67
1142 227.67
1143 92.50
1144 101.00
1145 91.50
1146 418.50
1147 160.00
1148 309.33
1149 100.00
1150 172.00
1151 81.80
1152 141.75
1153 383.67
1154 23.00
1155 319.25
1156 294.80
1157 133.00
1158 254.00
1159 156.67
1160 295.00
1161 246.60
1162 59.00
1163 85.00
1164 131.50
1165 43.00
1166 134.50
1167 283.00
1168 159.17
1169 176.00
1170 248.00
1171 183.00
1172 138.60
1173 219.00
1174 203.14
1175 76.00
1176 153.40
1177 287.67
1178 137.60
1179 135.29
1180 42.00
1181 391.50
1182 177.20
1183 80.00
1184 21.00
1185 394.75
1186 77.25
1187 100.00
1188 125.00
1189 180.00
1190 123.20
1191 115.60
1192 50.50
1193 143.00
1194 136.14
1195 336.75
1196 136.50
1197 137.14
1198 244.00
1199 274.25
1200 218.33
1201 177.50
1202 425.00
1203 172.60
1204 65.75
1205 276.83
1206 373.50
1207 69.00
1208 95.50
1209 388.00
1210 164.00
1211 100.20
1212 356.67
1213 195.75
1214 213.25
1215 111.00
1216 293.50
1217 157.00
1218 11.00
1219 596.67
1220 182.33
1221 161.83
1222 29.67
1223 165.50
1224 45.00
1226 279.33
1227 258.25
1228 8.00
1229 91.75
1230 267.50
1231 126.67
1232 49.00
1233 437.67
1234 73.50
1236 176.50
1237 206.67
1238 205.25
1239 148.00
1240 560.00
1241 171.67
1242 183.50
1243 140.00
1244 276.00
1245 61.00
1246 164.60
1247 320.12
1248 47.33
1249 101.00
1250 26.00
1251 414.67
1252 138.00
1253 297.50
1254 200.56
1255 159.00
1256 137.00
1257 40.33
1258 80.33
1259 103.00
1260 104.00
1261 327.67
1262 259.67
1263 157.00
1264 173.00
1265 138.40
1266 241.50
1267 87.25
1268 155.33
1269 279.78
1270 92.80
1271 80.83
1272 263.33
1273 332.50
1274 97.33
1275 152.50
1276 117.50
1277 14.00
1278 252.33
1279 104.67
1280 204.40
1281 275.67
1282 415.80
1283 295.00
1284 99.75
1285 54.67
1286 164.50
1287 191.50
1288 466.20
1289 177.25
1290 118.00
1291 111.25
1292 50.00
1293 201.75
1294 86.50
1295 14.00
1296 279.25
1297 50.00
1298 186.75
1299 141.67
1300 232.25
1301 208.50
1302 110.20
1304 62.00
1305 185.60
1306 76.12
1307 250.20
1308 105.80
1309 164.86
1310 145.00
1311 237.75
1312 93.40
1313 113.40
1314 249.20
1315 182.40
1316 110.40
1317 293.25
1318 125.50
1319 207.00
1320 165.75
1321 122.00
1322 118.00
1323 114.00
1324 473.17
1325 381.14
1326 257.33
1327 75.25
1328 53.00
1329 175.67
1330 238.25
1331 237.00
1333 155.00
1334 67.00
1335 179.38
1336 203.00
1337 247.67
1338 136.40
1339 47.75
1340 132.57
1341 123.00
1342 133.50
1343 86.00
1344 141.88
1345 245.67
1346 91.00
1347 473.00
1348 68.25
1349 206.50
1351 184.17
1352 519.00
1353 346.00
1354 114.80
1355 220.00
1356 299.25
1357 153.50
1358 57.67
1359 190.33
1360 228.20
1361 225.00
1362 155.67
1363 130.17
1364 90.00
1365 73.00
1366 309.29
1367 85.78
1368 146.20
1369 164.80
1370 122.00
1371 210.00
1372 31.50
1374 61.33
1375 37.14
1376 91.00
1377 172.86
1378 135.00
1379 73.78
1380 102.00
1381 226.57
1382 75.00
1383 105.67
1384 446.20
1385 86.00
1386 114.83
1387 358.00
1388 262.75
1389 65.80
1390 143.00
1391 236.50
1392 117.50
1393 30.67
1394 456.50
1395 412.29
1396 149.00
1397 105.00
1398 63.00
1399 150.00
1400 112.50
1401 287.83
1402 23.00
1403 157.33
1404 104.75
1405 140.80
1406 266.67
1407 261.40
1408 129.00
1409 213.20
1410 191.00
1411 161.25
1412 134.67
1413 140.00
1414 200.00
1415 487.67
1416 270.88
1417 78.00
1418 80.50
1419 327.00
1420 251.67
1421 366.00
1422 382.20
1423 130.50
1424 185.67
1425 83.00
1426 149.00
1427 110.80
1428 207.00
1429 144.17
1430 211.00
1431 138.33
1432 53.20
1433 90.00
1434 114.00
1435 84.75
1436 329.88
1437 94.50
1438 203.00
1439 71.50
1440 279.25
1441 186.00
1442 26.75
1443 237.67
1444 187.17
1445 358.00
1446 127.00
1447 336.00
1448 103.00
1449 92.60
1450 328.00
1451 276.25
1452 160.33
1453 148.00
1454 232.17
1455 148.60
1456 124.00
1457 310.14
1458 107.40
1459 287.00
1460 99.50
1461 266.25
1462 150.00
1463 162.44
1464 364.67
1465 71.00
1466 207.00
1467 103.50
1468 132.50
1469 180.60
1470 78.83
1471 333.00
1472 38.33
1473 152.50
1474 51.33
1475 211.33
1476 240.00
1477 342.67
1478 111.00
1479 95.33
1480 84.50
1481 148.67
1482 106.00
1483 97.00
1484 79.00
1486 98.25
1487 107.00
1488 156.86
1489 192.00
1490 35.00
1491 170.00
1492 317.00
1493 152.67
1494 189.33
1495 74.20
1496 113.67
1497 202.67
1498 52.75
1499 163.25
1500 195.33
1501 191.40
1502 76.20
1503 191.33
1504 184.50
1505 189.25
1506 231.50
1507 74.80
1508 160.00
1509 145.00
1510 119.80
1511 127.80
1512 173.86
1513 76.25
1514 217.50
1515 99.00
1516 155.75
1517 205.00
1518 199.75
1519 234.00
1520 311.67
1521 420.00
1522 224.50
1523 100.00
1524 282.67
1525 320.00
1526 229.00
1527 302.57
1528 78.67
1529 85.00
1530 36.50
1531 223.80
1532 258.67
1533 119.75
1534 243.25
1536 208.33
1537 70.67
1538 72.33
1539 18.00
1540 128.00
1541 97.00
1542 722.00
1543 91.00
1544 141.00
1545 333.00
1546 112.67
1547 94.00
1548 331.25
1549 169.00
1550 143.40
1551 47.00
1552 76.50
1553 176.33
1554 182.29
1555 117.50
1556 134.00
1557 188.75
1558 95.60
1559 293.67
1560 157.00
1561 150.71
1562 67.00
1563 764.00
1564 125.67
1565 131.78
1566 113.50
1567 181.67
1568 68.67
1569 70.00
1570 205.33
1571 66.50
1572 75.75
1573 417.00
1574 137.14
1575 460.00
1576 172.43
1577 76.43
1578 80.50
1579 144.00
1580 200.50
1581 96.33
1582 108.33
1583 293.00
1584 157.25
1586 73.00
1587 128.00
1588 65.67
1589 171.00
1590 163.00
1591 100.20
1592 163.33
1593 89.00
1594 123.75
1595 90.50
1596 245.50
1597 226.00
1598 79.33
1599 212.50
1600 86.50
1601 190.00
1602 103.25
1603 85.00
1604 243.71
1605 95.40
1606 165.00
1607 39.50
1608 41.00
1609 258.50
1610 98.67
1611 235.40
1612 166.33
1613 126.67
1614 140.12
1615 210.50
1616 182.60
1617 156.50
1618 337.00
1619 193.75
1620 53.50
1621 115.25
1622 387.50
1623 148.00
1624 363.00
1625 248.50
1626 309.50
1627 146.00
1628 66.00
1629 71.25
1631 48.50
1632 50.00
1635 93.00
1636 188.60
1637 222.33
1638 187.67
1639 378.50
1640 202.88
1641 92.00
1642 68.33
1643 124.40
1644 56.67
1645 270.75
1646 142.40
1647 376.50
1648 31.67
1649 163.50
1650 13.00
1651 210.25
1652 42.00
1653 60.00
1654 77.50
1655 294.43
1656 79.50
1657 123.33
1658 152.80
1659 282.00
1660 95.00
1661 227.62
1662 63.57
1663 109.60
1664 111.50
1665 186.67
1666 47.20
1667 307.80
1668 56.00
1669 123.60
1670 63.75
1671 84.00
1672 79.00
1673 99.00
1674 100.20
1675 16.00
1676 88.50
1677 126.00
1678 127.50
1679 174.83
1680 70.60
1681 271.75
1682 122.00
1683 77.43
1684 133.00
1685 160.78
1686 130.50
1687 147.22
1688 239.75
1689 174.33
1690 137.57
1691 79.29
1692 174.80
1693 179.50
1694 101.00
1695 5.00
1696 136.00
1697 197.75
1698 47.25
1699 214.00
1700 105.00
1701 53.67
1702 217.20
1703 89.40
1704 106.00
1705 42.00
1706 199.00
1707 462.00
1708 146.75
1709 166.33
1710 99.60
1711 241.25
1712 85.67
1713 364.50
1714 191.00
1715 12.00
1716 130.50
1717 229.40
1718 78.00
1719 266.33
1720 177.00
1721 219.50
1722 255.25
1723 305.00
1724 190.33
1725 126.43
1726 43.33
1727 189.33
1729 50.50
1730 278.00
1731 117.00
1732 97.20
1733 111.33
1734 249.00
1735 301.17
1736 139.20
1737 211.00
1738 94.00
1739 198.00
1740 61.00
1741 264.75
1742 214.43
1743 101.20
1744 249.00
1745 192.20
1746 44.00
1747 95.50
1748 194.80
1749 203.80
1750 304.80
1751 372.60
1752 68.00
1753 138.00
1754 45.25
1756 214.67
1757 227.86
1758 157.50
1759 106.83
1760 140.50
1761 158.50
1762 181.67
1763 96.25
1764 82.50
1765 116.00
1766 142.14
1767 133.80
1768 69.00
1769 92.00
1770 348.67
1771 123.00
1772 185.00
1773 141.80
1774 197.33
1775 98.00
1777 172.80
1778 159.40
1779 143.60
1780 52.50
1781 266.00
1782 105.00
1783 219.20
1784 211.00
1785 100.00
1786 170.33
1787 78.00
1788 176.50
1789 180.00
1790 171.50
1791 235.25
1792 52.00
1793 743.50
1794 140.00
1795 455.00
1796 35.00
1797 176.00
1798 148.86
1799 106.67
1800 166.00
1801 118.00
1802 250.50
1803 135.33
1804 345.40
1805 177.86
1806 168.40
1807 58.00
1808 161.50
1809 132.40
1810 109.00
1811 200.83
1812 290.50
1813 57.00
1814 216.00
1815 215.17
1816 167.33
1817 104.00
1818 368.20
1819 296.50
1820 381.00
1821 254.00
1822 271.50
1823 273.00
1824 53.50
1825 275.40
1826 169.33
1827 261.00
1828 249.60
1829 239.83
1830 59.33
1832 91.67
1833 86.67
1834 127.50
1836 240.80
1837 94.17
1838 165.67
1839 94.50
1840 120.50
1841 247.40
1842 369.00
1843 119.33
1844 170.33
1845 8.00
1846 242.00
1847 268.00
1848 230.33
1849 85.00
1850 124.00
1851 230.67
1852 112.33
1853 120.60
1854 257.20
1855 160.80
1856 287.50
1857 306.33
1858 218.20
1859 118.80
1860 117.75
1861 153.33
1862 150.17
1863 89.00
1864 130.00
1865 175.67
1866 80.00
1867 109.00
1868 331.50
1869 202.75
1870 59.20
1871 136.00
1872 119.00
1873 104.00
1874 268.33
1875 241.50
1876 182.44
1877 410.75
1878 277.86
1879 111.50
1880 1.00
1881 216.50
1882 201.00
1883 232.50
1884 516.75
1885 28.00
1886 141.20
1887 56.00
1888 176.50
1889 169.80
1890 231.00
1891 100.00
1892 132.17
1893 168.20
1894 183.00
1895 234.00
1896 247.67
1897 76.17
1899 174.11
1900 104.67
1901 78.50
1902 312.67
1903 222.50
1904 84.67
1905 108.75
1906 302.00
1907 53.50
1908 152.50
1909 181.17
1910 93.75
1911 185.83
1912 157.00
1913 79.00
1914 161.00
1915 86.80
1916 375.25
1917 160.92
1918 89.75
1919 150.75
1920 89.67
1921 52.00
1922 188.75
1923 157.40
1924 179.88
1925 213.12
1926 59.00
1927 269.80
1928 172.50
1929 59.75
1930 44.00
1931 102.33
1932 136.00
1933 251.00
1934 133.60
1935 118.50
1937 212.33
1938 105.00
1939 113.20
1940 367.67
1941 40.50
1942 192.83
1943 106.00
1944 137.75
1945 208.00
1946 141.50
1947 180.50
1948 145.40
1949 224.00
1950 83.50
1951 80.33
1952 227.50
1953 330.50
1954 45.20
1955 78.00
1956 118.50
1957 70.00
1958 261.50
1959 66.75
1960 182.00
1961 181.50
1962 176.00
1963 212.67
1964 103.33
1965 283.67
1966 49.67
1967 90.50
1968 405.50
1969 60.00
1970 227.00
1971 180.67
1972 421.00
1973 148.00
1974 390.00
1975 20.00
1976 88.00
1977 129.67
1978 33.50
1979 330.80
1980 118.75
1981 71.00
1982 322.83
1983 188.80
1984 0.00
1986 252.00
1987 202.33
1988 204.40
1989 412.00
1990 177.00
1991 243.62
1992 33.50
1993 149.50
1994 89.40
1995 158.33
1996 186.00
1997 44.50
1998 70.50
1999 86.25
2000 29.67
2001 171.33
2002 162.00
2003 46.17
2004 235.00
2005 199.20
2006 102.00
2007 137.00
2008 70.50
2009 189.50
2010 243.00
2011 241.50
2012 98.67
2013 205.00
2014 108.40
2015 134.73
2016 125.75
2017 134.00
2018 62.50
2019 283.00
2020 155.20
2021 64.50
2022 162.60
2023 143.67
2024 275.00
2025 171.67
2027 125.00
2028 200.33
2029 14.33
2030 108.67
2031 266.25
2032 96.00
2033 177.00
2034 61.00
2035 240.67
2036 105.50
2037 95.50
2038 169.67
2039 227.67
2040 131.00
2041 293.00
2043 68.50
2044 381.00
2045 22.33
2046 160.25
2047 246.33
2048 189.25
2050 132.50
2051 107.00
2052 22.00
2053 208.20
2054 100.25
2055 79.60
2056 185.75
2057 213.60
2058 93.50
2059 211.00
2060 56.00
2061 122.80
2062 161.33
2063 275.00
2064 51.50
2065 359.00
2066 29.50
2067 48.80
2068 220.75
2069 112.25
2072 58.67
2073 237.00
2074 59.33
2075 166.67
2076 126.00
2077 197.20
2078 97.50
2079 255.50
2080 95.00
2081 178.00
2082 105.00
2083 116.00
2084 187.67
2085 228.00
2086 217.50
2087 4.00
2088 178.00
2089 113.14
2090 212.25
2091 227.00
2092 66.50
2093 324.00
2094 104.00
2095 53.00
2096 132.67
2097 135.40
2098 158.00
2099 177.40
2100 274.80
2101 277.50
2103 155.57
2104 79.00
2105 26.50
2106 28.00
2107 127.50
2108 92.50
2109 88.17
2110 185.33
2111 167.60
2112 205.75
2113 199.40
2114 199.00
2115 82.00
2116 96.00
2117 200.00
2118 138.33
2119 236.60
2120 185.83
2121 53.75
2122 189.00
2123 186.33
2124 201.50
2125 28.00
2126 334.25
2127 102.67
2128 223.50
2129 322.67
2130 1.00
2131 151.38
2132 86.00
2133 259.33
2134 125.86
2135 145.17
2136 30.50
2137 107.67
2138 180.50
2139 30.00
2140 208.50
2141 167.00
2142 371.00
2143 386.50
2144 299.75
2145 48.33
2146 120.00
2147 45.80
2148 45.00
2149 362.00
2150 94.00
2151 138.80
2152 28.50
2153 105.86
2154 241.00
2155 217.67
2156 27.33
2157 399.00
2158 123.50
2159 173.00
2160 158.67
2161 162.33
2162 113.00
2163 134.71
2164 272.83
2165 69.25
2166 148.50
2167 153.83
2168 310.57
2169 100.50
2170 110.17
2171 178.67
2172 256.00
2173 95.80
2174 134.33
2175 138.00
2176 274.00
2177 69.00
2178 547.75
2179 63.25
2180 103.50
2181 137.33
2182 405.50
2183 9.00
2184 121.00
2185 179.50
2187 93.71
2188 173.60
2189 102.00
2190 146.75
2191 111.67
2192 246.00
2193 357.50
2194 309.25
2195 24.00
2196 238.67
2197 125.33
2198 111.89
2199 421.00
2200 193.00
2201 163.50
2202 41.00
2203 42.25
2204 175.00
2205 167.67
2206 314.60
2207 119.67
2208 325.00
2209 75.00
2210 282.50
2211 157.50
2212 22.00
2213 471.00
2214 274.75
2215 110.25
2216 104.71
2217 145.50
2218 200.00
2219 34.25
2220 138.50
2221 96.33
2222 50.33
2223 85.60
2224 214.80
2225 169.00
2226 159.67
2227 540.57
2228 160.50
2229 86.17
2230 63.50
2231 617.50
2232 58.00
2233 122.75
2234 477.25
2235 387.00
2236 108.00
2237 101.67
2238 275.00
2239 212.00
2240 223.89
2241 172.75
2242 217.00
2243 130.40
2245 250.50
2246 241.00
2247 251.75
2248 136.40
2249 245.00
2250 73.00
2251 141.50
2252 241.25
2253 337.00
2254 189.40
2255 431.33
2256 166.80
2257 86.00
2258 45.75
2259 276.67
2260 158.00
2261 316.00
2262 241.40
2263 252.25
2264 84.75
2265 124.00
2266 9.00
2267 119.00
2268 47.00
2269 308.00
2270 68.40
2271 146.00
2272 171.60
2273 89.50
2274 166.33
2275 31.67
2276 97.20
2277 268.33
2278 63.67
2279 170.00
2280 160.00
2281 169.75
2282 309.60
2284 88.86
2285 140.80
2286 23.50
2287 88.50
2288 194.33
2289 446.67
2290 38.67
2291 305.00
2292 219.00
2293 128.25
2295 226.60
2296 90.50
2297 162.00
2298 212.25
2299 127.00
2300 106.50
2301 159.29
2302 65.00
2303 98.60
2304 70.67
2305 199.20
2306 124.00
2307 63.00
2308 418.00
2309 124.17
2310 195.25
2311 95.50
2312 126.33
2313 131.50
2314 268.00
2315 347.75
2316 196.00
2317 41.00
2318 449.29
2319 357.25
2320 113.00
2321 107.71
2322 223.00
2323 149.00
2324 173.43
2325 470.50
2326 204.17
2327 138.67
2328 162.20
2329 73.67
2330 176.00
2331 185.00
2332 231.40
2333 111.50
2334 71.33
2335 133.33
2336 176.33
2337 168.67
2338 109.60
2339 38.00
2340 214.50
2341 281.50
2342 176.00
2343 283.33
2344 109.00
2345 295.50
2346 58.00
2347 293.80
2348 181.00
2349 130.43
2350 85.50
2351 144.33
2352 53.00
2353 311.00
2354 149.50
2355 215.75
2356 99.50
2357 111.00
2358 283.33
2359 182.33
2360 181.00
2361 174.40
2362 120.25
2363 93.50
2364 319.20
2365 291.33
2366 106.50
2367 143.00
2368 87.00
2369 86.50
2370 98.43
2371 144.00
2372 149.00
2373 105.25
2374 226.17
2375 105.00
2376 145.00
2377 64.71
2378 153.67
2379 161.00
2380 92.80
2381 225.50
2382 339.25
2383 111.60
2384 221.50
2385 136.50
2386 45.00
2387 362.33
2388 191.88
2389 207.33
2390 120.50
2391 122.33
2392 229.40
2393 242.00
2394 151.67
2395 70.25
2396 367.33
2397 188.50
2398 128.33
2399 250.00
2400 117.00
2401 171.83
2403 141.00
2404 112.33
2405 161.50
2406 205.00
2407 113.75
2408 153.67
2409 327.00
2410 140.43
2411 251.00
2412 53.67
2413 129.50
2414 109.00
2415 222.40
2416 130.00
2417 161.33
2418 107.17
2419 163.75
2420 259.50
2421 39.67
2422 49.00
2423 236.67
2424 179.00
2425 49.50
2426 113.80
2427 202.00
2428 145.67
2429 209.33
2430 186.62
2431 201.25
2432 180.33
2433 73.20
2434 115.00
2435 237.80
2436 110.17
2437 289.40
2438 93.00
2439 182.50
2440 101.67
2441 161.00
2442 198.75
2443 108.50
2444 351.67
2445 98.00
2446 259.00
2447 95.75
2448 151.57
2449 118.00
2451 333.00
2452 112.33
2453 149.40
2454 297.50
2455 246.20
2456 51.00
2457 182.83
2458 126.33
2459 105.00
2460 56.00
2461 90.00
2462 125.17
2463 176.38
2464 145.20
2465 105.43
2466 305.00
2467 359.50
2468 95.33
2469 141.75
2470 146.50
2471 380.33
2472 223.00
2473 88.40
2474 149.86
2475 10.00
2476 175.50
2477 222.00
2478 76.00
2479 257.33
2480 59.33
2481 281.33
2482 123.50
2483 286.00
2484 69.33
2485 120.67
2486 196.75
2487 73.20
2488 178.00
2489 86.20
2490 179.50
2491 179.33
2492 246.86
2493 218.75
2494 46.00
2495 122.00
2496 47.50
2497 191.43
2498 101.50
2499 122.14
2500 53.00
2501 50.67
2502 307.75
2503 51.50
2504 74.50
2505 161.67
2506 151.80
2507 396.50
2508 54.50
2509 181.33
2510 281.50
2511 299.00
2512 137.60
2513 96.50
2514 299.00
2515 118.00
2516 144.00
2517 122.60
2518 259.40
2519 111.80
2520 128.67
2521 135.50
2522 396.00
2523 191.67
2524 134.60
2525 137.67
2526 122.29
2527 68.00
2528 80.00
2529 294.00
2530 106.67
2531 166.83
2532 199.25
2533 120.75
2534 217.50
2535 206.33
2536 199.25
2537 10.00
2538 322.00
2539 168.00
2540 69.00
2541 379.00
2542 213.71
2543 187.33
2544 36.00
2545 115.80
2546 117.00
2547 103.20
2549 277.50
2550 298.50
2551 210.00
2552 35.00
2553 228.00
2554 104.00
2555 125.67
2556 290.00
2557 249.50
2558 173.38
2559 29.50
2560 283.50
2561 201.50
2562 52.50
2563 102.00
2564 133.00
2565 131.67
2566 41.33
2567 201.50
2568 115.75
2569 351.67
2570 504.60
2571 156.50
2573 50.00
2574 215.67
2575 156.50
2576 92.00
2577 328.50
2578 209.40
2579 160.17
2580 99.50
2581 143.17
2582 328.33
2583 136.33
2584 226.50
2585 131.00
2586 23.33
2587 140.57
2588 127.88
2589 136.25
2590 210.00
2591 269.33
2592 119.50
2594 159.00
2595 194.00
2596 148.25
2597 176.67
2598 63.00
2599 198.60
2600 187.00
2601 113.75
2602 125.25
2603 116.43
2604 231.90
2605 319.00
2606 203.33
2607 134.25
2608 144.33
2609 255.75
2610 60.50
2611 29.00
2612 212.67
2613 9.50
2614 140.50
2615 135.75
2616 293.25
2618 63.50
2619 409.00
2620 216.75
2621 127.75
2622 165.75
2623 118.25
2624 153.86
2625 131.00
2626 114.67
2627 286.25
2628 114.25
2629 150.25
2630 314.50
2631 109.25
2632 201.25
2633 278.50
2634 147.17
2635 66.33
2636 177.33
2637 117.33
2638 112.00
2639 234.40
2640 94.00
2641 291.67
2642 170.80
2643 149.33
2644 285.40
2645 113.00
2646 294.80
2647 198.00
2648 55.14
2649 70.75
2650 132.75
2651 386.50
2652 200.00
2653 39.75
2654 185.50
2655 135.00
2656 209.50
2657 74.50
2658 206.00
2659 104.00
2660 124.67
2661 327.25
2662 123.25
2663 174.00
2664 73.50
2665 83.00
2666 116.00
2667 204.00
2668 228.75
2669 178.33
2670 137.25
2671 66.33
2672 43.00
2673 357.50
2674 92.75
2675 289.00
2676 151.00
2677 521.00
2678 88.80
2679 426.67
2680 205.25
2681 80.00
2682 75.67
2683 168.29
2684 54.25
2685 95.00
2686 413.50
2687 204.00
2688 1.00
2689 308.00
2690 133.00
2691 174.78
2692 138.50
2693 130.50
2694 177.60
2695 75.33
2696 237.00
2697 130.00
2698 119.50
2699 167.71
2700 138.50
2701 211.75
2703 244.80
2704 214.29
2705 125.75
2706 161.67
2707 327.75
2708 151.80
2709 110.36
2710 410.50
2711 160.00
2712 152.88
2713 91.00
2714 256.67
2715 323.75
2716 128.67
2717 233.67
2718 79.17
2719 166.00
2720 28.67
2721 181.17
2722 115.67
2723 173.00
2724 330.67
2725 146.00
2726 169.00
2727 105.33
2728 153.00
2729 164.25
2730 184.67
2731 237.80
2732 132.00
2733 162.00
2734 116.00
2735 107.40
2736 147.75
2737 80.67
2738 99.50
2739 73.67
2740 55.33
2741 199.50
2742 295.50
2743 210.50
2744 468.00
2745 99.33
2746 140.33
2747 49.75
2748 78.00
2749 293.00
2750 40.67
2751 132.50
2752 342.67
2753 127.67
2754 212.00
2755 188.20
2756 34.00
2757 131.00
2758 61.75
2759 251.83
2761 217.00
2762 130.60
2763 309.60
2764 395.50
2765 186.00
2766 155.00
2767 189.86
2768 117.50
2769 70.00
2770 231.25
2771 79.67
2772 50.00
2773 132.00
2774 111.00
2775 84.75
2776 132.00
2777 88.33
2778 135.75
2779 98.75
2780 48.33
2781 44.50
2782 300.00
2783 73.33
2784 353.50
2785 227.33
2786 157.14
2787 123.20
2788 183.67
2789 229.25
2790 63.25
2791 198.22
2792 183.40
2793 159.40
2794 257.40
2795 167.67
2796 140.71
2797 84.80
2798 340.67
2799 161.00
2800 100.50
2801 164.00
2802 404.50
2803 140.00
2804 137.00
2805 125.67
2806 134.50
2807 180.50
2808 313.00
2809 246.60
2810 67.50
2811 12.00
2812 222.33
2813 110.00
2814 245.50
2815 363.50
2816 52.33
2817 178.33
2818 14.50
2819 60.67
2820 247.29
2821 122.00
2822 198.67
2823 147.33
2824 148.20
2825 150.50
2826 78.50
2827 34.00
2828 189.00
2829 283.60
2830 190.00
2831 117.50
2832 65.11
2833 199.50
2834 132.50
2835 63.67
2836 66.33
2837 223.00
2838 282.25
2839 49.00
2840 301.67
2841 101.00
2842 70.33
2843 440.00
2844 135.20
2845 25.00
2846 99.17
2847 336.00
2848 224.00
2850 247.00
2851 344.00
2852 56.57
2853 77.20
2854 153.00
2856 332.00
2857 144.00
2858 270.67
2859 148.50
2860 163.75
2861 294.33
2862 114.50
2863 119.60
2864 385.00
2865 271.83
2866 42.33
2867 58.00
2868 113.80
2869 130.50
2870 101.20
2871 204.67
2872 75.40
2873 140.25
2874 47.71
2875 141.50
2876 233.50
2877 187.33
2878 165.00
2879 276.33
2880 95.00
2881 122.00
2882 211.50
2884 116.67
2885 88.40
2886 130.40
2887 94.83
2888 178.25
2889 160.00
2890 181.75
2891 46.00
2892 176.33
2893 56.33
2894 123.20
2895 127.67
2896 181.67
2897 146.86
2898 139.33
2899 179.00
2900 153.00
2901 158.00
2902 80.33
2903 401.60
2904 192.33
2905 147.80
2906 322.20
2907 156.00
2908 134.00
2909 208.20
2910 127.33
2911 82.60
2912 180.00
2913 183.50
2915 98.00
2916 109.50
2917 180.25
2918 212.86
2919 75.60
2920 185.00
2921 171.50
2922 148.12
2923 100.57
2924 90.75
2925 225.50
2926 72.50
2927 389.25
2928 83.00
2929 96.33
2930 188.60
2931 188.00
2932 139.67
2933 185.33
2934 342.75
2935 249.29
2936 81.50
2937 91.20
2938 292.75
2939 21.00
2940 27.50
2941 632.00
2942 10.50
2943 163.50
2944 90.14
2945 98.50
2946 63.80
2947 77.00
2948 4.00
2949 207.60
2950 232.20
2951 139.75
2952 461.00
2953 203.00
2954 208.00
2955 218.67
2956 161.82
2957 154.33
2958 36.50
2960 39.50
2961 220.25
2962 146.00
2963 67.33
2964 219.25
2965 80.20
2966 79.67
2967 148.00
2968 182.50
2969 205.29
2970 152.00
2971 103.50
2972 156.75
2973 371.00
2974 100.33
2975 168.00
2976 132.40
2977 102.00
2978 179.80
2979 172.00
2980 222.12
2981 125.00
2982 165.67
2983 234.60
2984 144.75
2985 234.50
2986 88.00
2987 142.50
2988 113.00
2989 109.00
2990 349.50
2991 78.33
2992 193.71
2993 161.00
2994 212.00
2995 207.00
2996 147.75
2997 292.00
2998 159.67
3000 145.00
3001 304.80
3002 232.33
3003 146.80
3004 114.57
3005 62.75
3006 135.20
3007 91.33
3008 156.83
3009 222.40
3010 115.00
3011 195.00
3012 190.75
3013 137.75
3014 73.75
3015 264.12
3016 145.60
3017 126.57
3018 210.50
3019 146.83
3020 198.67
3021 44.75
3022 221.67
3023 264.60
3024 146.67
3025 297.00
3026 106.33
3027 98.75
3028 112.25
3029 556.00
3030 55.00
3031 310.60
3032 145.75
3033 85.00
3034 108.00
3035 12.00
3036 193.00
3037 314.50
3038 321.00
3039 194.50
3040 39.00
3041 106.50
3042 83.00
3043 250.50
3044 269.00
3045 194.29
3046 292.50
3047 284.20
3048 160.33
3049 46.00
3050 209.57
3051 284.20
3052 99.67
3053 388.33
3054 46.00
3055 91.33
3056 72.17
3057 191.17
3058 94.86
3059 80.60
3060 174.00
3061 434.00
3062 196.89
3063 123.71
3064 140.00
3065 141.25
3066 211.50
3067 165.33
3068 72.25
3069 75.60
3070 42.00
3071 226.75
3072 183.75
3073 240.50
3074 185.33
3075 321.80
3076 248.00
3077 138.75
3078 291.00
3079 238.00
3080 22.50
3081 214.00
3082 131.50
3083 207.50
3084 85.33
3085 165.50
3086 188.00
3087 191.00
3088 310.09
3089 144.25
3090 116.50
3091 75.50
3092 231.33
3093 140.43
3094 141.50
3095 209.50
3096 77.67
3097 206.86
3098 236.00
3099 166.00
3100 134.56
3101 278.33
3102 306.50
3103 85.00
3104 253.75
3105 122.60
3106 91.33
3107 224.67
3108 121.17
3109 187.75
3110 31.50
3111 196.00
3112 121.50
3113 224.43
3114 106.33
3115 344.50
3116 233.25
3117 213.67
3118 104.50
3119 204.33
3120 59.33
3121 224.00
3122 52.50
3123 79.00
3124 18.33
3125 112.20
3126 69.86
3127 86.38
3128 113.25
3129 87.00
3130 267.14
3131 211.00
3132 57.00
3133 90.17
3134 401.80
3135 303.00
3136 170.00
3137 124.80
3138 126.00
3139 141.33
3140 150.75
3141 145.00
3142 207.88
3143 228.60
3144 217.67
3145 249.67
3146 60.00
3147 99.75
3148 99.00
3149 211.00
3150 193.00
3151 174.60
3152 294.50
3153 174.00
3154 61.33
3155 248.75
3156 399.00
3157 201.71
3158 398.60
3159 125.20
3160 90.33
3161 140.40
3162 493.00
3163 136.00
3164 102.67
3165 161.00
3166 71.00
3167 200.33
3168 205.33
3169 334.29
3170 174.50
3171 125.67
3172 112.40
3173 39.33
3175 368.00
3176 243.86
3177 88.50
3178 169.50
3179 81.40
3180 134.56
3181 221.00
3182 156.00
3183 195.00
3184 136.86
3185 248.33
3186 143.20
3187 272.43
3188 113.00
3189 175.00
3190 236.50
3191 46.00
3192 66.25
3193 224.50
3194 18.00
3195 364.00
3196 45.50
3197 186.25
3198 68.00
3199 280.33
3200 149.00
3201 162.78
3202 171.00
3203 113.00
3204 141.67
3205 295.33
3206 74.50
3207 299.00
3208 115.00
3209 101.50
3210 25.00
3211 296.50
3212 105.33
3213 130.75
3214 172.50
3215 186.17
3216 183.00
3217 191.50
3218 163.83
3219 136.67
3220 139.33
3221 151.33
3222 36.00
3223 64.67
3224 84.00
3225 288.50
3226 114.50
3227 70.80
3228 182.83
3229 148.38
3230 184.30
3231 165.43
3232 298.88
3233 138.80
3234 332.00
3235 141.50
3236 96.25
3238 186.86
3239 255.00
3240 212.40
3241 283.50
3242 127.00
3243 84.75
3244 239.17
3245 177.00
3247 278.20
3248 235.88
3249 264.00
3250 79.00
3251 73.00
3252 138.00
3253 208.50
3254 191.75
3255 103.33
3256 332.75
3257 371.50
3258 125.67
3259 93.67
3260 310.50
3261 320.80
3262 309.00
3263 75.33
3264 122.00
3265 70.75
3266 64.80
3267 303.00
3268 162.17
3269 95.33
3270 61.67
3271 103.00
3272 213.67
3273 136.00
3274 319.50
3275 117.00
3276 103.25
3277 329.50
3278 261.67
3279 87.86
3280 172.00
3281 263.50
3282 148.00
3283 45.25
3285 124.50
3286 58.33
3287 87.00
3288 75.33
3289 171.29
3290 113.33
3291 135.50
3292 182.71
3293 177.33
3294 151.33
3295 210.00
3296 129.00
3297 169.25
3298 80.67
3299 228.40
3300 185.50
3301 79.33
3302 117.80
3303 109.40
3304 148.11
3305 193.33
3306 373.50
3307 79.50
3308 129.00
3309 165.00
3310 281.00
3311 25.50
3312 514.50
3313 186.60
3314 258.20
3315 81.67
3316 419.00
3317 190.33
3318 73.00
3319 135.75
3320 214.75
3321 268.33
3322 134.25
3323 252.33
3324 567.00
3325 76.75
3326 239.50
3327 253.25
3328 171.20
3329 73.50
3330 140.83
3331 264.00
3332 252.20
3333 28.00
3334 73.50
3335 226.33
3337 185.75
3338 80.75
3339 119.86
3340 281.71
3341 58.50
3342 177.25
3343 149.14
3344 155.00
3345 155.17
3346 209.50
3347 213.20
3348 106.00
3349 109.33
3351 237.67
3352 74.75
3353 83.67
3354 131.00
3355 374.00
3356 201.00
3357 105.00
3358 202.00
3359 197.75
3360 84.00
3361 150.00
3362 88.50
3363 257.00
3364 96.80
3365 201.75
3366 39.00
3367 75.33
3368 33.00
3369 82.80
3370 139.25
3371 124.50
3372 267.71
3373 216.50
3374 129.75
3375 311.83
3376 92.40
3378 106.17
3379 354.25
3380 207.50
3381 166.00
3382 90.75
3383 57.33
3384 166.00
3385 107.40
3386 411.00
3387 28.00
3388 418.67
3389 138.75
3390 170.67
3392 254.67
3393 67.50
3394 133.80
3395 65.00
3396 286.25
3397 132.00
3398 179.62
3399 63.80
3400 37.00
3401 192.00
3402 98.00
3403 241.00
3404 126.50
3405 91.07
3406 112.00
3407 125.67
3408 225.00
3409 211.00
3410 35.00
3411 168.50
3412 112.33
3413 61.40
3414 59.50
3415 132.40
3416 174.00
3418 181.50
3419 101.29
3420 154.83
3421 266.50
3422 135.25
3423 182.25
3424 69.25
3425 31.00
3426 249.50
3427 210.67
3428 13.00
3429 162.83
3430 208.75
3431 166.00
3432 151.33
3433 177.83
3434 57.75
3435 248.25
3436 201.00
3437 63.00
3438 354.00
3439 79.50
3440 260.00
3441 81.00
3442 159.00
3443 74.33
3444 111.71
3445 134.75
3446 66.67
3447 322.00
3448 65.33
3449 164.67
3450 166.33
3451 188.33
3452 221.71
3453 268.00
3454 11.00
3455 98.17
3456 282.00
3457 150.56
3458 142.00
3459 290.00
3460 83.00
3461 142.80
3462 190.00
3463 199.71
3464 139.57
3465 108.40
3466 199.00
3467 177.75
3468 178.67
3469 113.00
3470 293.50
3471 197.50
3472 152.20
3473 120.71
3474 75.50
3475 172.50
3476 162.20
3477 202.00
3478 49.40
3479 202.00
3480 73.00
3481 121.00
3482 40.67
3483 119.00
3484 192.20
3485 162.00
3486 145.40
3487 182.71
3488 102.56
3489 251.80
3490 135.67
3491 262.75
3492 177.50
3493 181.89
3494 156.75
3495 135.17
3496 114.00
3497 113.12
3498 206.50
3499 220.60
3500 189.00
3501 172.00
3502 233.25
3503 154.60
3504 163.67
3505 298.00
3506 84.50
3507 181.00
3508 273.75
3509 161.33
3510 81.25
3511 110.00
3512 147.00
3513 145.20
3514 100.00
3515 201.80
3516 174.67
3517 76.00
3518 76.12
3519 225.50
3520 151.17
3521 131.67
3522 127.00
3523 325.67
3524 195.67
3525 66.00
3526 129.00
3527 284.25
3528 21.67
3529 148.50
3530 119.20
3531 130.00
3532 85.67
3533 130.50
3534 234.00
3535 128.50
3536 171.33
3537 217.00
3538 170.00
3539 100.50
3540 298.80
3541 192.00
3542 187.00
3543 255.80
3544 200.33
3545 17.50
3546 152.38
3547 170.82
3548 222.57
3549 125.33
3550 162.00
3551 115.83
3552 276.33
3553 89.67
3554 378.50
3555 254.60
3556 137.80
3557 217.17
3558 144.00
3559 142.29
3560 73.67
3562 175.00
3563 129.17
3564 204.50
3565 170.33
3566 79.50
3568 199.33
3569 168.33
3570 220.75
3571 215.20
3572 311.67
3573 113.00
3574 104.33
3575 253.83
3576 46.33
3577 216.00
3578 203.00
3579 363.00
3580 350.50
3581 76.86
3582 229.83
3583 368.00
3584 265.50
3585 463.67
3586 286.33
3587 27.50
3588 121.50
3589 73.60
3590 86.67
3591 178.00
3592 236.83
3593 88.00
3594 25.50
3595 91.00
3596 362.67
3597 38.00
3598 212.67
3599 162.67
3600 137.56
3601 33.25
3602 189.33
3603 152.33
3604 223.00
3605 87.00
3606 172.00
3607 330.00
3608 89.43
3609 81.25
3610 189.00
3611 313.25
3612 207.20
3613 543.00
3614 158.67
3615 209.40
3616 85.60
3617 247.33
3618 172.00
3619 438.00
3620 342.67
3621 99.50
3622 81.33
3623 134.00
3624 195.00
3625 134.50
3626 230.83
3627 258.75
3628 65.00
3629 159.40
3630 241.67
3631 153.20
3632 135.50
3633 286.67
3634 89.43
3635 228.00
3636 131.67
3637 120.80
3638 184.50
3639 91.00
3640 16.00
3641 224.17
3642 45.67
3643 204.00
3644 12.00
3645 394.50
3646 173.00
3647 98.00
3648 21.00
3649 147.33
3650 105.60
3651 63.00
3652 301.90
3653 117.00
3654 164.00
3655 174.60
3656 96.50
3657 137.33
3658 275.33
3659 391.50
3660 166.17
3661 115.86
3662 197.29
3663 2.00
3664 100.67
3665 90.50
3666 189.00
3667 308.88
3668 304.75
3669 295.33
3670 260.50
3671 83.60
3672 110.25
3673 155.00
3674 102.33
3675 154.71
3676 376.43
3677 216.50
3678 207.67
3679 150.33
3680 137.00
3682 134.50
3683 186.00
3684 122.83
3685 71.50
3686 76.67
3687 258.00
3688 135.78
3689 56.00
3690 42.67
3691 196.50
3692 49.20
3693 101.00
3694 234.00
3695 76.00
3696 130.80
3697 227.50
3698 158.17
3700 53.00
3701 174.25
3702 162.29
3703 94.17
3704 451.67
3705 111.50
3706 243.33
3707 91.29
3708 62.33
3709 98.00
3710 167.50
3711 436.50
3712 300.25
3713 22.00
3714 162.40
3715 148.00
3716 112.00
3717 128.75
3718 358.67
3719 177.20
3720 126.40
3721 50.62
3722 33.67
3723 117.00
3724 740.00
3725 214.50
3726 213.75
3727 122.00
3728 78.80
3729 150.33
3730 133.00
3731 103.33
3732 275.25
3733 65.00
3734 153.25
3735 130.80
3736 168.50
3737 16.33
3738 263.33
3739 335.00
3740 97.00
3741 96.50
3742 133.00
3743 346.67
3744 252.40
3745 172.50
3746 221.00
3747 442.00
3748 154.00
3749 69.25
3750 265.67
3751 184.86
3752 141.83
3753 231.40
3754 210.89
3755 76.00
3756 161.88
3757 188.67
3758 111.00
3759 99.00
3760 510.00
3761 335.50
3762 113.75
3763 38.00
3764 249.00
3765 69.00
3766 112.00
3767 227.80
3768 162.67
3769 123.00
3770 161.75
3771 239.33
3772 85.00
3773 288.40
3774 262.83
3775 291.40
3776 110.33
3777 78.40
3778 238.50
3779 125.60
3780 98.25
3781 157.50
3782 98.50
3783 242.33
3784 132.33
3785 122.40
3786 158.14
3787 86.75
3788 80.00
3789 189.00
3790 44.00
3791 38.50
3792 208.75
3793 188.50
3794 122.60
3795 172.33
3796 268.67
3797 98.25
3798 115.67
3799 363.00
3800 20.50
3801 435.00
3802 47.75
3803 101.00
3804 173.50
3805 95.00
3806 179.50
3807 222.00
3808 55.50
3809 203.33
3810 152.00
3811 128.00
3812 56.20
3813 263.20
3814 96.33
3815 294.17
3816 133.33
3817 234.29
3818 24.25
3819 85.83
3820 71.00
3821 48.00
3822 45.50
3823 285.50
3824 120.67
3825 54.00
3826 95.00
3827 252.60
3828 188.67
3829 134.17
3830 532.00
3831 196.86
3832 56.00
3833 97.00
3834 317.67
3835 93.86
3836 229.60
3837 162.50
3838 163.33
3839 390.50
3840 124.67
3841 361.50
3842 90.75
3843 48.75
3845 163.40
3846 128.00
3847 36.00
3848 190.33
3849 268.50
3850 337.00
3851 350.20
3852 204.00
3853 124.86
3854 106.40
3855 111.75
3856 172.86
3857 201.25
3858 51.00
3860 117.50
3861 142.00
3862 209.50
3863 317.50
3864 49.33
3866 154.86
3867 480.00
3868 160.67
3869 238.50
3870 23.50
3871 64.17
3872 261.33
3873 271.00
3874 191.75
3875 130.75
3876 249.00
3877 49.00
3878 105.67
3879 407.80
3880 60.00
3881 129.12
3882 99.75
3883 237.40
3884 202.00
3885 305.00
3886 47.62
3887 221.83
3888 38.00
3889 48.00
3890 261.40
3891 148.67
3892 118.00
3893 306.60
3894 241.17
3895 128.33
3896 147.00
3897 111.00
3898 254.00
3899 64.67
3900 263.57
3901 240.80
3902 219.60
3903 69.00
3904 120.60
3905 123.00
3906 41.33
3907 219.00
3908 212.17
3909 198.83
3910 44.00
3911 214.89
3912 228.71
3913 60.67
3914 254.00
3915 66.33
3916 94.17
3917 107.00
3918 318.00
3919 120.33
3920 107.75
3921 108.00
3922 236.00
3923 123.80
3924 208.00
3925 248.25
3926 114.00
3927 70.50
3928 91.00
3929 97.67
3930 129.00
3931 28.33
3932 45.00
3933 140.00
3934 119.12
3935 237.33
3936 71.50
3937 151.33
3938 84.86
3939 103.00
3940 165.60
3941 191.14
3942 145.50
3943 228.40
3944 90.50
3945 81.00
3946 115.50
3947 265.33
3948 124.12
3949 140.00
3950 94.43
3951 67.50
3952 83.50
3953 206.00
3954 110.71
3955 334.67
3956 249.67
3957 82.33
3958 109.25
3959 88.00
3960 118.75
3961 96.00
3962 213.80
3963 107.20
3964 221.20
3965 74.67
3966 72.67
3967 74.80
3968 94.00
3969 77.00
3970 192.86
3971 205.00
3972 190.00
3973 188.00
3974 172.50
3975 287.33
3976 393.50
3977 444.00
3978 196.80
3979 269.00
3980 181.00
3981 259.50
3982 205.00
3983 150.25
3984 250.20
3985 252.75
3986 126.00
3987 23.50
3988 543.00
3989 600.00
3990 68.00
3991 126.50
3992 87.00
3993 206.00
3994 18.00
3995 355.67
3996 195.33
3997 277.50
3998 350.89
3999 196.29
4000 88.67
4001 259.00
4002 181.00
4003 281.33
4004 149.00
4005 58.00
4006 101.25
4007 91.25
4008 57.20
4009 66.00
4010 174.75
4011 141.71
4012 338.50
4013 307.50
4014 129.33
4015 113.50
4016 25.67
4017 304.00
4018 171.00
4019 393.50
4020 66.00
4021 163.60
4022 231.50
4023 183.00
4024 238.33
4025 207.17
4026 393.67
4027 160.00
4028 83.00
4029 58.00
4030 158.50
4031 111.20
4032 93.67
4033 100.22
4034 91.00
4035 226.86
4036 36.67
4037 312.00
4038 141.00
4039 24.00
4040 107.50
4041 233.00
4042 201.33
4043 164.50
4044 278.80
4045 325.00
4046 73.33
4047 210.00
4048 511.75
4049 128.00
4050 121.78
4051 279.33
4052 235.67
4053 60.00
4054 269.60
4055 101.80
4056 51.00
4057 72.20
4059 6.00
4060 78.17
4061 111.00
4062 160.20
4063 65.00
4064 91.33
4065 203.00
4066 91.00
4067 173.00
4068 249.25
4069 216.25
4070 206.60
4071 121.50
4072 257.00
4073 56.50
4074 163.00
4075 226.25
4076 61.00
4077 79.33
4078 97.33
4079 215.20
4080 146.75
4081 338.17
4082 188.00
4083 341.00
4084 144.50
4085 162.33
4086 203.75
4087 223.67
4088 121.00
4089 314.29
4090 156.67
4091 56.75
4092 78.25
4093 291.50
4094 108.20
4095 113.50
4096 198.50
4097 188.00
4098 340.33
4099 50.25
4100 82.50
4101 321.00
4102 205.00
4103 95.00
4104 194.75
4105 89.50
4106 141.67
4107 271.00
4108 120.20
4109 61.00
4110 110.11
4111 150.00
4112 81.50
4113 23.00
4114 290.25
4115 439.33
4116 91.25
4117 164.25
4118 75.17
4119 40.00
4120 171.50
4121 138.00
4122 141.00
4123 1.00
4124 295.83
4125 120.50
4126 74.20
4127 143.60
4128 254.00
4129 350.50
4130 134.50
4131 172.12
4132 161.67
4133 236.00
4134 100.67
4135 94.00
4136 204.33
4137 90.67
4138 110.80
4139 76.00
4140 178.67
4142 178.00
4143 159.00
4144 90.50
4145 136.67
4146 217.20
4147 182.75
4148 40.20
4149 251.86
4150 368.50
4151 78.00
4152 179.00
4153 178.33
4154 140.00
4155 177.67
4156 153.00
4157 123.38
4158 130.25
4159 212.33
4160 123.75
4161 106.00
4162 111.00
4163 190.00
4164 268.00
4165 63.00
4166 265.00
4167 91.00
4168 108.00
4169 42.33
4170 193.00
4171 214.83
4172 168.57
4173 217.00
4174 95.67
4175 218.50
4176 14.00
4177 118.33
4178 96.67
4179 216.00
4180 134.50
4181 231.00
4182 197.00
4183 121.33
4184 160.20
4185 94.00
4186 89.40
4187 327.67
4188 53.67
4189 195.50
4190 114.00
4191 103.75
4192 200.00
4193 42.00
4194 130.75
4195 164.50
4196 168.83
4197 188.67
4198 107.00
4199 150.00
4200 94.83
4201 73.00
4202 11.00
4203 119.40
4204 91.33
4205 248.67
4206 336.50
4207 190.00
4208 222.25
4210 181.50
4211 89.20
4212 204.00
4213 152.00
4214 64.40
4215 194.25
4216 333.00
4217 129.25
4218 86.50
4219 314.00
4220 126.67
4221 133.60
4222 161.67
4223 190.40
4224 158.83
4225 206.00
4226 167.00
4227 109.67
4228 140.00
4229 170.40
4230 81.50
4231 25.33
4232 149.67
4233 222.40
4234 306.00
4235 76.00
4236 290.88
4237 79.00
4238 99.33
4239 48.75
4240 85.00
4241 80.00
4242 67.67
4243 158.33
4244 40.00
4245 240.00
4246 101.25
4247 161.33
4248 52.00
4249 106.25
4250 178.50
4251 1.00
4252 154.75
4253 43.80
4254 243.00
4255 79.25
4256 112.25
4257 623.67
4258 127.83
4259 100.33
4260 141.33
4261 374.00
4262 121.00
4263 41.50
4264 232.50
4265 130.60
4266 99.00
4267 116.50
4268 293.40
4269 71.67
4270 137.75
4271 206.25
4272 123.60
4273 144.62
4274 82.75
4275 236.00
4276 40.50
4277 123.50
4278 190.67
4279 154.20
4280 143.67
4281 80.75
4282 265.25
4283 188.67
4284 127.50
4285 422.00
4286 160.00
4287 137.00
4288 90.40
4289 158.00
4290 149.25
4291 187.29
4292 132.33
4293 192.67
4294 131.71
4295 20.50
4296 217.80
4297 241.67
4298 118.00
4299 387.00
4301 232.33
4302 22.00
4303 241.33
4304 101.50
4305 46.20
4306 82.50
4307 252.67
4308 154.00
4309 131.00
4310 242.00
4311 144.80
4312 125.20
4313 364.00
4314 123.00
4315 144.25
4316 150.00
4317 161.33
4318 102.33
4319 181.50
4320 206.00
4321 87.50
4322 140.60
4323 94.17
4324 385.25
4325 207.25
4326 110.50
4327 207.00
4328 209.33
4329 137.50
4330 109.00
4331 168.20
4332 183.00
4333 76.00
4334 423.50
4335 166.00
4336 330.50
4337 138.00
4338 81.00
4339 254.75
4340 62.25
4341 188.40
4342 240.60
4343 218.67
4344 50.50
4345 169.14
4346 144.75
4347 123.00
4348 195.25
4349 82.83
4350 184.50
4351 120.75
4352 179.00
4353 76.20
4354 167.33
4355 173.00
4356 127.83
4357 184.75
4358 283.00
4359 259.00
4360 184.50
4361 251.67
4362 193.50
4363 51.00
4364 147.60
4365 121.57
4366 251.00
4367 213.00
4368 70.71
4369 333.25
4370 210.00
4371 290.83
4372 118.60
4373 195.50
4374 146.33
4375 134.44
4376 210.17
4377 444.00
4378 57.75
4379 31.40
4380 195.60
4381 217.00
4382 100.00
4383 601.50
4384 146.00
4385 285.67
4386 57.00
4387 240.50
4388 250.33
4389 275.00
4390 199.75
4391 118.56
4392 152.20
4393 236.40
4394 305.75
4395 155.00
4396 155.50
4397 218.67
4398 67.60
4399 110.50
4400 167.00
4401 62.00
4402 112.50
4403 159.25
4405 235.67
4406 123.80
4407 118.00
4408 317.50
4409 117.00
4410 86.00
4411 98.50
4412 149.25
4413 176.71
4414 150.50
4415 342.25
4416 293.80
4417 101.00
4418 165.75
4419 231.83
4420 205.38
4421 35.50
4422 190.80
4423 105.67
4424 267.00
4425 118.00
4426 236.75
4427 228.25
4428 131.00
4429 183.33
4430 108.50
4431 49.33
4432 290.40
4433 238.00
4434 214.00
4435 124.50
4436 176.17
4437 96.43
4438 294.00
4439 251.60
4440 115.50
4441 230.00
4442 137.50
4443 484.50
4444 149.00
4445 152.33
4446 255.50
4447 72.00
4448 193.50
4449 192.50
4450 176.50
4451 592.00
4452 336.00
4453 261.00
4454 261.67
4455 226.50
4456 409.00
4457 218.75
4458 152.33
4459 148.75
4461 597.00
4462 59.00
4463 142.00
4465 220.40
4466 287.29
4467 106.00
4468 167.83
4469 190.75
4470 68.75
4471 201.25
4472 194.00
4473 237.40
4474 476.00
4475 114.50
4476 75.20
4477 120.00
4478 68.00
4479 181.75
4480 240.50
4481 139.00
4482 302.75
4483 220.00
4484 179.25
4485 238.25
4486 94.25
4487 197.00
4488 147.00
4489 61.80
4490 326.00
4491 88.25
4492 148.50
4493 232.40
4494 91.71
4495 131.00
4496 189.50
4497 101.33
4498 272.40
4499 210.00
4500 185.00
4501 60.38
4502 933.00
4503 101.60
4504 205.33
4506 273.00
4507 219.00
4508 182.67
4509 359.40
4510 289.50
4511 102.80
4512 91.75
4513 236.00
4514 73.50
4515 145.12
4516 37.20
4517 186.50
4518 87.75
4519 143.00
4520 207.25
4521 161.71
4522 128.25
4523 202.00
4524 207.86
4525 118.50
4526 110.00
4527 71.20
4528 149.33
4529 51.75
4530 250.00
4531 123.80
4532 104.14
4533 101.00
4534 235.25
4535 48.67
4536 181.00
4537 17.50
4538 141.50
4540 155.43
4541 259.00
4542 56.50
4543 102.00
4545 192.75
4546 170.60
4547 113.00
4548 163.00
4549 37.00
4550 180.57
4551 163.50
4552 152.50
4553 119.50
4554 108.67
4555 171.67
4556 233.00
4557 241.25
4558 93.50
4559 97.60
4560 283.33
4561 259.00
4562 201.40
4563 110.75
4564 405.00
4565 160.00
4566 222.40
4567 161.38
4568 70.86
4569 287.14
4570 255.25
4571 51.00
4572 219.00
4573 276.00
4574 197.57
4575 112.25
4576 150.00
4577 36.00
4578 57.00
4579 185.50
4580 124.17
4581 519.00
4582 238.40
4583 328.50
4584 250.00
4585 83.67
4586 201.50
4587 179.00
4588 166.00
4589 124.33
4590 433.25
4591 134.83
4592 189.75
4593 230.50
4594 41.75
4595 73.00
4596 127.92
4597 76.33
4598 47.33
4599 294.00
4600 440.83
4601 254.43
4602 42.50
4603 144.00
4604 107.25
4605 244.00
4606 81.33
4607 263.17
4608 197.33
4609 272.50
4610 30.00
4611 417.50
4612 207.67
4613 244.67
4614 117.17
4615 226.25
4616 65.50
4617 108.67
4618 296.80
4619 242.00
4620 145.00
4621 266.00
4622 264.33
4623 163.00
4624 117.50
4625 156.00
4626 148.43
4627 102.80
4628 220.36
4629 113.00
4630 71.20
4631 80.25
4632 102.20
4633 130.60
4634 108.11
4635 341.25
4636 232.50
4637 133.00
4638 100.00
4639 150.67
4640 179.80
4641 125.67
4642 159.50
4643 292.25
4644 115.67
4645 108.00
4646 218.80
4647 87.67
4648 46.00
4649 271.00
4650 252.50
4651 204.00
4652 137.67
4653 158.67
4654 82.00
4655 100.44
4656 170.00
4657 21.75
4658 163.40
4659 103.00
4660 82.00
4661 125.14
4662 89.00
4663 143.00
4664 260.33
4665 54.25
4666 69.00
4667 273.25
4668 166.57
4669 33.33
4670 113.20
4671 265.50
4672 338.00
4673 120.00
4674 233.40
4675 200.00
4676 191.80
4677 197.00
4678 287.75
4679 141.20
4680 30.25
4681 160.50
4682 133.25
4683 395.75
4684 317.80
4685 115.75
4686 270.00
4687 68.50
4688 252.71
4689 105.00
4690 84.00
4691 306.00
4692 130.30
4693 81.00
4694 390.00
4695 240.40
4696 173.25
4697 212.25
4698 258.50
4699 184.88
4700 245.43
4701 75.25
4702 162.33
4703 137.80
4704 51.33
4705 81.60
4706 125.00
4707 83.00
4708 5.00
4710 136.88
4711 420.33
4712 240.00
4713 105.50
4714 136.60
4715 90.83
4716 168.33
4717 178.00
4718 61.00
4719 360.50
4720 247.00
4721 128.17
4722 39.50
4723 197.67
4724 121.00
4725 50.00
4726 150.33
4727 40.00
4728 228.50
4730 169.80
4731 22.50
4732 149.40
4733 286.40
4734 122.50
4735 171.20
4736 50.50
4737 165.00
4738 282.00
4739 105.17
4740 130.75
4741 297.33
4742 121.75
4743 174.00
4744 118.00
4745 131.33
4746 105.40
4747 345.50
4748 98.00
4749 54.67
4750 71.17
4751 195.67
4752 205.00
4753 150.00
4754 186.88
4755 203.25
4756 119.75
4757 153.00
4758 205.00
4759 127.33
4760 199.25
4761 100.00
4762 343.50
4763 139.50
4764 74.17
4765 366.20
4766 352.67
4767 194.00
4768 103.67
4769 327.33
4770 186.50
4771 167.50
4772 230.75
4773 307.00
4774 155.67
4775 276.60
4776 221.00
4777 61.00
4778 73.83
4779 174.83
4781 161.80
4782 126.00
4783 70.60
4784 102.80
4785 107.60
4786 260.50
4787 143.67
4788 58.00
4789 108.67
4790 56.17
4791 228.75
4792 128.29
4793 296.75
4794 76.00
4795 65.00
4796 322.33
4797 175.25
4798 163.71
4799 28.67
4800 245.00
4801 90.00
4802 85.67
4803 57.50
4804 74.00
4805 97.00
4806 75.33
4807 31.67
4809 57.75
4810 166.25
4811 73.80
4812 81.50
4813 144.00
4814 174.29
4815 112.00
4816 29.00
4817 458.60
4818 61.75
4819 63.75
4820 0.00
4821 145.20
4822 119.80
4823 71.00
4824 129.33
4825 221.00
4826 176.57
4827 61.00
4828 299.00
4829 85.00
4830 196.50
4831 106.00
4832 137.80
4833 155.25
4834 156.50
4835 126.25
4836 1.00
4837 281.00
4838 280.00
4839 430.00
4840 112.20
4841 56.40
4842 238.00
4843 176.00
4844 274.00
4845 63.00
4846 391.50
4847 204.25
4848 268.80
4849 173.00
4850 208.71
4851 87.33
4852 315.00
4853 218.33
4854 131.00
4855 90.75
4856 99.00
4857 138.20
4858 113.00
4859 242.00
4860 207.20
4861 209.00
4862 107.33
4863 92.25
4864 157.60
4865 132.60
4866 225.00
4867 81.75
4868 272.50
4869 202.40
4871 182.00
4872 418.00
4874 97.00
4875 378.00
4876 128.00
4877 266.33
4878 170.00
4879 175.17
4880 230.57
4881 185.00
4882 86.67
4883 104.50
4884 207.33
4885 289.00
4886 203.67
4887 170.67
4888 255.50
4889 98.25
4890 139.33
4891 151.00
4892 227.40
4893 339.50
4894 115.00
4895 212.75
4896 168.80
4897 35.00
4898 72.00
4899 214.20
4900 253.17
4901 518.00
4902 123.00
4903 327.67
4904 29.50
4905 109.50
4906 211.75
4907 182.00
4908 76.00
4909 132.50
4910 58.33
4911 54.75
4912 235.20
4913 292.40
4914 66.40
4915 76.00
4916 120.43
4917 77.00
4918 96.25
4919 216.33
4920 68.00
4921 90.00
4922 277.50
4923 369.00
4924 181.40
4925 128.33
4927 88.83
4928 101.50
4929 287.60
4930 193.00
4931 184.17
4932 120.00
4933 193.00
4934 64.50
4935 134.75
4936 99.67
4937 168.20
4938 220.33
4939 72.75
4940 65.00
4941 225.67
4942 199.00
4943 305.29
4944 83.00
4945 80.33
4946 99.00
4947 114.00
4948 194.12
4949 156.25
4950 378.75
4951 121.71
4952 138.67
4953 187.50
4954 232.00
4955 133.38
4956 89.60
4957 106.00
4958 397.00
4959 69.50
4960 70.60
4961 77.00
4962 176.50
4963 150.67
4964 429.20
4965 166.67
4966 219.67
4967 29.50
4968 413.50
4969 182.00
4970 261.22
4971 389.67
4972 248.71
4973 280.00
4974 23.67
4975 62.00
4976 142.00
4977 104.50
4978 548.00
4979 220.00
4980 259.00
4981 161.00
4982 35.00
4983 223.50
4984 138.25
4985 148.50
4986 256.75
4987 143.83
4988 73.00
4989 110.33
4990 159.57
4991 321.50
4992 475.50
4994 82.60
4995 219.00
4996 218.50
4997 64.00
4998 66.00
4999 76.50
5000 298.50
5001 36.00
5002 108.67
5003 324.25
5004 139.00
5005 95.57
5006 93.00
5007 274.75
5008 158.00
5009 123.60
5010 114.00
5011 175.38
5012 347.00
5013 240.00
5014 61.75
5015 76.50
5016 67.33
5017 233.67
5018 72.00
5019 76.00
5020 229.25
5021 151.75
5022 216.83
5023 49.00
5024 116.40
5025 170.60
5026 316.00
5027 209.80
5028 30.33
5029 276.67
5030 133.00
5031 144.50
5032 113.50
5033 144.86
5034 141.50
5035 227.50
5036 302.50
5037 199.50
5038 488.50
5039 85.50
5040 162.00
5041 325.20
5042 125.40
5043 247.40
5044 153.80
5045 314.00
5046 294.25
5047 30.25
5048 131.00
5049 164.14
5050 108.33
5051 124.00
5052 346.00
5053 111.00
5054 91.50
5055 246.11
5056 193.33
5057 71.33
5058 50.25
5059 444.00
5060 158.33
5061 151.25
5062 263.38
5063 396.00
5064 142.00
5065 24.00
5066 233.00
5067 97.00
5068 253.75
5069 292.75
5070 205.60
5071 411.00
5072 36.00
5073 225.00
5074 116.60
5075 157.50
5076 159.00
5077 114.40
5078 5.00
5079 122.00
5080 113.00
5081 139.00
5082 23.00
5083 268.00
5084 170.00
5085 175.00
5086 108.29
5087 337.25
5088 174.00
5089 296.33
5090 339.57
5091 54.67
5092 172.83
5093 67.00
5094 140.60
5095 200.50
5096 84.00
5097 344.17
5098 286.00
5099 110.60
5100 174.00
5101 130.00
5102 244.00
5103 35.33
5104 160.67
5105 169.40
5106 150.25
5107 115.50
5108 122.20
5109 83.50
5110 139.17
5111 155.00
5112 65.40
5113 114.00
5114 88.25
5115 110.83
5116 174.75
5117 83.67
5118 258.00
5119 193.75
5120 130.33
5121 112.60
5122 93.38
5123 195.75
5124 124.22
5125 60.00
5126 193.50
5127 154.33
5128 118.33
5129 58.50
5130 191.00
5131 119.25
5132 236.89
5133 297.00
5134 46.00
5135 116.40
5136 180.50
5137 13.50
5138 87.00
5139 178.50
5140 176.50
5141 156.25
5142 203.33
5143 233.50
5144 127.00
5145 67.67
5146 225.67
5147 117.80
5148 114.40
5150 216.00
5151 108.50
5152 346.00
5153 268.00
5154 181.00
5156 173.00
5157 124.60
5158 172.50
5159 142.00
5160 239.67
5161 161.22
5162 165.00
5163 124.00
5164 260.00
5165 158.40
5166 94.00
5167 87.00
5168 106.00
5169 276.75
5170 99.20
5171 344.50
5172 105.33
5173 102.60
5175 186.17
5177 114.00
5178 274.50
5179 167.67
5180 75.00
5181 56.00
5182 130.00
5183 218.17
5184 81.00
5185 352.43
5186 229.25
